0 0.0007
1 0.0007
2 0.0008
3 0.0010
4 0.0012
5 0.0014
6 0.0017
7 0.0021
8 0.0025
9 0.0029
10 0.0034
11 0.0039
12 0.0044
13 0.0050
14 0.0055
15 0.0061
16 0.0066
17 0.0071
18 0.0076
19 0.0081
20 0.0085
21 0.0089
22 0.0092
23 0.0095
24 0.0097
25 0.0099
26 0.0100
27 0.0100
28 0.0100
29 0.0099
30 0.0097
31 0.0095
32 0.0092
33 0.0089
34 0.0085
35 0.0081
36 0.0076
37 0.0071
38 0.0066
39 0.0061
40 0.0055
41 0.0050
42 0.0044
43 0.0039
44 0.0034
45 0.0029
46 0.0025
47 0.0021
48 0.0017
49 0.0014
50 0.0012
51 0.0010
52 0.0008
53 0.0007
54 0.0007
