  -180.000 :     1.045     1.045     0.000
  -179.000 :     1.101     1.045     0.004
  -178.000 :     1.107     1.045     0.014
  -177.000 :     1.089     1.045     0.019
  -176.000 :     1.101     1.045     0.006
  -175.000 :     1.138     1.045     0.008
  -174.000 :     1.120     1.045     0.015
  -173.000 :     1.151     1.045     0.019
  -172.000 :     1.145     1.045     0.003
  -171.000 :     1.176     1.045     0.019
  -170.000 :     1.151     1.045     0.017
  -169.000 :     1.207     1.045     0.020
  -168.000 :     1.132     1.045     0.014
  -167.000 :     1.188     1.045     0.025
  -166.000 :     1.213     1.045     0.002
  -165.000 :     1.182     1.045     0.016
  -164.000 :     1.219     1.045     0.008
  -163.000 :     1.213     1.045     0.017
  -162.000 :     1.263     1.045     0.008
  -161.000 :     1.225     1.045     0.018
  -160.000 :     1.250     1.045     0.008
  -159.000 :     1.269     1.045     0.015
  -158.000 :     1.294     1.045     0.000
  -157.000 :     1.288     1.045     0.015
  -156.000 :     1.319     1.045    -0.004
  -155.000 :     1.331     1.045     0.008
  -154.000 :     1.319     1.045     0.019
  -153.000 :     1.306     1.045     0.019
  -152.000 :     1.331     1.045     0.003
  -151.000 :     1.368     1.045     0.008
  -150.000 :     1.356     1.045     0.020
  -149.000 :     1.362     1.045     0.003
  -148.000 :     1.437     1.045     0.022
  -147.000 :     1.350     1.045     0.019
  -146.000 :     1.393     1.045     0.011
  -145.000 :     1.456     1.045     0.017
  -144.000 :     1.437     1.045     0.010
  -143.000 :     1.480     1.045     0.008
  -142.000 :     1.424     1.045     0.007
  -141.000 :     1.437     1.045     0.012
  -140.000 :     1.524     1.045     0.013
  -139.000 :     1.543     1.045     0.007
  -138.000 :     1.592     1.045     0.014
  -137.000 :     1.543     1.045     0.000
  -136.000 :     1.642     1.045    -0.001
  -135.000 :     1.574     1.045     0.004
  -134.000 :     1.617     1.045     0.009
  -133.000 :     1.655     1.045     0.015
  -132.000 :     1.686     1.045     0.007
  -131.000 :     1.704     1.045     0.003
  -130.000 :     1.723     1.045     0.010
  -129.000 :     1.760     1.045     0.015
  -128.000 :     1.760     1.045     0.009
  -127.000 :     1.798     1.045     0.013
  -126.000 :     1.804     1.045     0.011
  -125.000 :     1.872     1.045     0.007
  -124.000 :     1.903     1.045     0.013
  -123.000 :     1.916     1.045     0.010
  -122.000 :     1.934     1.045     0.011
  -121.000 :     1.972     1.045     0.014
  -120.000 :     2.015     1.045     0.004
  -119.000 :     2.046     1.045     0.015
  -118.000 :     2.102     1.045     0.007
  -117.000 :     2.121     1.045     0.003
  -116.000 :     2.152     1.045     0.017
  -115.000 :     2.208     1.045    -0.001
  -114.000 :     2.289     1.045    -0.003
  -113.000 :     2.277     1.045     0.007
  -112.000 :     2.283     1.045     0.021
  -111.000 :     2.370     1.045     0.005
  -110.000 :     2.413     1.045     0.004
  -109.000 :     2.451     1.045     0.013
  -108.000 :     2.482     1.045     0.011
  -107.000 :     2.544     1.045     0.013
  -106.000 :     2.619     1.045    -0.003
  -105.000 :     2.662     1.045     0.005
  -104.000 :     2.699     1.045     0.017
  -103.000 :     2.762     1.045     0.013
  -102.000 :     2.824     1.045     0.007
  -101.000 :     2.880     1.045    -0.001
  -100.000 :     2.961     1.045     0.008
   -99.000 :     3.023     1.045     0.018
   -98.000 :     3.060     1.045     0.000
   -97.000 :     3.178     1.045     0.009
   -96.000 :     3.197     1.045     0.015
   -95.000 :     3.272     1.045     0.013
   -94.000 :     3.359     1.045     0.023
   -93.000 :     3.433     1.045     0.000
   -92.000 :     3.514     1.045     0.006
   -91.000 :     3.595     1.045     0.013
   -90.000 :     3.701     1.045     0.012
   -89.000 :     3.819     1.045     0.000
   -88.000 :     3.894     1.045     0.007
   -87.000 :     3.987     1.045     0.015
   -86.000 :     4.105     1.045     0.010
   -85.000 :     4.192     1.045     0.003
   -84.000 :     4.323     1.045    -0.005
   -83.000 :     4.416     1.045     0.004
   -82.000 :     4.516     1.045     0.003
   -81.000 :     4.659     1.045     0.015
   -80.000 :     4.764     1.045     0.013
   -79.000 :     4.932     1.045     0.000
   -78.000 :     5.063     1.045     0.006
   -77.000 :     5.200     1.045     0.008
   -76.000 :     5.337     1.045     0.017
   -75.000 :     5.498     1.045     0.013
   -74.000 :     5.648     1.045     0.012
   -73.000 :     5.816     1.045     0.013
   -72.000 :     5.984     1.045     0.017
   -71.000 :     6.195     1.045     0.002
   -70.000 :     6.375     1.045     0.013
   -69.000 :     6.568     1.045     0.016
   -68.000 :     6.761     1.045     0.004
   -67.000 :     6.973     1.045     0.003
   -66.000 :     7.203     1.045     0.017
   -65.000 :     7.464     1.045     0.013
   -64.000 :     7.688     1.045     0.004
   -63.000 :     7.924     1.045     0.006
   -62.000 :     8.216     1.045     0.009
   -61.000 :     8.478     1.045     0.008
   -60.000 :     8.751     1.045     0.024
   -59.000 :     9.106     1.045     0.017
   -58.000 :     9.404     1.045     0.006
   -57.000 :     9.778     1.045     0.004
   -56.000 :    10.114     1.045     0.012
   -55.000 :    10.449     1.045     0.012
   -54.000 :    10.860     1.045     0.018
   -53.000 :    11.246     1.045     0.016
   -52.000 :    11.712     1.045    -0.005
   -51.000 :    12.191     1.045     0.022
   -50.000 :    12.614     1.045     0.014
   -49.000 :    13.099     1.045     0.008
   -48.000 :    13.640     1.045     0.013
   -47.000 :    14.169     1.045     0.019
   -46.000 :    14.754     1.045     0.018
   -45.000 :    15.382     1.045     0.005
   -44.000 :    16.016     1.045     0.001
   -43.000 :    16.663     1.045     0.012
   -42.000 :    17.428     1.045    -0.002
   -41.000 :    18.131     1.045     0.011
   -40.000 :    18.877     1.045     0.013
   -39.000 :    19.717     1.045     0.019
   -38.000 :    20.569     1.045     0.000
   -37.000 :    21.490     1.045     0.001
   -36.000 :    22.435     1.045     0.007
   -35.000 :    23.480     1.045     0.009
   -34.000 :    24.531     1.045     0.006
   -33.000 :    25.663     1.045     0.009
   -32.000 :    26.826     1.045    -0.002
   -31.000 :    28.027     1.045     0.010
   -30.000 :    29.295     1.045     0.005
   -29.900 :    29.426     1.045     0.018
   -29.800 :    29.557     1.045     0.016
   -29.700 :    29.687     1.045     0.016
   -29.600 :    29.818     1.045     0.020
   -29.500 :    29.980     1.045     0.008
   -29.400 :    30.104     1.045     0.025
   -29.300 :    30.241     1.045     0.019
   -29.200 :    30.384     1.045     0.014
   -29.100 :    30.527     1.045     0.013
   -29.000 :    30.658     1.045     0.010
   -28.900 :    30.763     1.045     0.018
   -28.800 :    30.925     1.045     0.008
   -28.700 :    31.081     1.045     0.011
   -28.600 :    31.161     1.045     0.029
   -28.500 :    31.367     1.045     0.009
   -28.400 :    31.472     1.045     0.028
   -28.300 :    31.628     1.045     0.009
   -28.200 :    31.771     1.045     0.017
   -28.100 :    31.902     1.045     0.025
   -28.000 :    32.057     1.045     0.014
   -27.900 :    32.213     1.045     0.015
   -27.800 :    32.356     1.045     0.003
   -27.700 :    32.499     1.045     0.021
   -27.600 :    32.654     1.045     0.015
   -27.500 :    32.766     1.045     0.012
   -27.400 :    32.965     1.045     0.010
   -27.300 :    33.096     1.045     0.016
   -27.200 :    33.258     1.045     0.008
   -27.100 :    33.369     1.045     0.024
   -27.000 :    33.556     1.045     0.006
   -26.900 :    33.699     1.045     0.012
   -26.800 :    33.848     1.045     0.013
   -26.700 :    34.016     1.045     0.015
   -26.600 :    34.178     1.045     0.012
   -26.500 :    34.315     1.045     0.022
   -26.400 :    34.483     1.045     0.017
   -26.300 :    34.620     1.045     0.017
   -26.200 :    34.812     1.045     0.007
   -26.100 :    34.956     1.045     0.008
   -26.000 :    35.111     1.045     0.010
   -25.900 :    35.248     1.045     0.026
   -25.800 :    35.434     1.045     0.005
   -25.700 :    35.565     1.045     0.007
   -25.600 :    35.727     1.045     0.015
   -25.500 :    35.907     1.045     0.012
   -25.400 :    36.069     1.045     0.020
   -25.300 :    36.255     1.045     0.011
   -25.200 :    36.392     1.045     0.018
   -25.100 :    36.579     1.045     0.014
   -25.000 :    36.710     1.045     0.014
   -24.900 :    36.902     1.045     0.013
   -24.800 :    37.064     1.045     0.020
   -24.700 :    37.232     1.045     0.008
   -24.600 :    37.394     1.045     0.000
   -24.500 :    37.543     1.045     0.016
   -24.400 :    37.723     1.045     0.008
   -24.300 :    37.873     1.045     0.013
   -24.200 :    38.034     1.045     0.014
   -24.100 :    38.190     1.045     0.010
   -24.000 :    38.383     1.045     0.004
   -23.900 :    38.563     1.045     0.031
   -23.800 :    38.762     1.045     0.016
   -23.700 :    38.880     1.045     0.030
   -23.600 :    39.079     1.045     0.011
   -23.500 :    39.235     1.045     0.009
   -23.400 :    39.390     1.045     0.015
   -23.300 :    39.583     1.045     0.021
   -23.200 :    39.732     1.045     0.020
   -23.100 :    39.944     1.045     0.011
   -23.000 :    40.124     1.045     0.016
   -22.900 :    40.298     1.045     0.013
   -22.800 :    40.485     1.045     0.014
   -22.700 :    40.622     1.045     0.026
   -22.600 :    40.821     1.045     0.008
   -22.500 :    40.989     1.045     0.022
   -22.400 :    41.182     1.045     0.013
   -22.300 :    41.368     1.045     0.008
   -22.200 :    41.542     1.045     0.009
   -22.100 :    41.729     1.045     0.015
   -22.000 :    41.891     1.045     0.013
   -21.900 :    42.115     1.383     0.002
   -21.800 :    42.251     3.860     0.002
   -21.700 :    42.426     6.450     0.000
   -21.600 :    42.600    11.180     0.049
   -21.500 :    42.811    15.685     0.017
   -21.400 :    43.016    19.288     0.009
   -21.300 :    43.184    20.414     0.016
   -21.200 :    43.452    19.401    -0.002
   -21.100 :    43.582    16.586     0.011
   -21.000 :    43.794    17.374     0.015
   -20.900 :    43.962    20.865     0.028
   -20.800 :    44.124    25.144     0.010
   -20.700 :    44.323    33.140     0.016
   -20.600 :    44.571    44.063    -0.002
   -20.500 :    44.696    52.734     0.025
   -20.400 :    44.901    59.378     0.023
   -20.300 :    45.081    62.644     0.011
   -20.200 :    45.237    62.419     0.013
   -20.100 :    45.411    61.293     0.008
   -20.000 :    45.635    55.437     0.004
   -19.900 :    45.840    53.748     0.024
   -19.800 :    46.027    56.000     0.016
   -19.700 :    46.201    61.631     0.013
   -19.600 :    46.444    69.288     0.014
   -19.500 :    46.649    76.270     0.011
   -19.400 :    46.848    84.829     0.013
   -19.300 :    47.034    91.811     0.014
   -19.200 :    47.283    95.977     0.008
   -19.100 :    47.445    98.905     0.017
   -19.000 :    47.638   101.383     0.011
   -18.900 :    47.855   103.973     0.019
   -18.800 :    48.042   105.549     0.033
   -18.700 :    48.210   105.662     0.020
   -18.600 :    48.453   108.703     0.009
   -18.500 :    48.652   115.122     0.013
   -18.400 :    48.857   122.667     0.013
   -18.300 :    49.068   129.649     0.012
   -18.200 :    49.236   138.883     0.022
   -18.100 :    49.479   143.500     0.009
   -18.000 :    49.641   148.117     0.007
   -17.900 :    49.896   148.342     0.001
   -17.800 :    50.095   148.905     0.023
   -17.700 :    50.331   153.410     0.023
   -17.600 :    50.505   156.338     0.015
   -17.500 :    50.679   159.378     0.014
   -17.400 :    50.903   164.784     0.009
   -17.300 :    51.121   172.892     0.014
   -17.200 :    51.326   180.887     0.027
   -17.100 :    51.519   182.464     0.013
   -17.000 :    51.743   181.563     0.010
   -16.900 :    51.967   180.549     0.005
   -16.800 :    52.141   179.198     0.016
   -16.700 :    52.371   177.847     0.014
   -16.600 :    52.607   175.595     0.020
   -16.500 :    52.788   174.131     0.031
   -16.400 :    52.987   177.622     0.011
   -16.300 :    53.229   180.099     0.003
   -16.200 :    53.422   180.099     0.013
   -16.100 :    53.603   186.180     0.023
   -16.000 :    53.839   191.811     0.016
   -15.900 :    54.032   195.527     0.014
   -15.800 :    54.200   197.779     0.003
   -15.700 :    54.455   207.013     0.011
   -15.600 :    54.641   213.320     0.034
   -15.500 :    54.884   218.275     0.026
   -15.400 :    55.114   226.608     0.016
   -15.300 :    55.270   237.869     0.037
   -15.200 :    55.500   248.342     0.018
   -15.100 :    55.717   260.392     0.032
   -15.000 :    55.960   266.360     0.050
   -14.900 :    56.146   270.302     0.065
   -14.800 :    56.352   270.076     0.043
   -14.700 :    56.563   261.405     0.046
   -14.600 :    56.768   248.793     0.063
   -14.500 :    56.955   242.374     0.072
   -14.400 :    57.185   245.640     0.085
   -14.300 :    57.384   255.662     0.104
   -14.200 :    57.583   272.554     0.081
   -14.100 :    57.832   296.428     0.095
   -14.000 :    58.025   322.779     0.119
   -13.900 :    58.280   348.905     0.139
   -13.800 :    58.460   375.257     0.165
   -13.700 :    58.678   401.383     0.155
   -13.600 :    58.889   419.964     0.156
   -13.500 :    59.095   416.811     0.191
   -13.400 :    59.294   409.040     0.207
   -13.300 :    59.511   405.324     0.235
   -13.200 :    59.673   408.140     0.248
   -13.100 :    59.916   406.788     0.268
   -13.000 :    60.096   407.239     0.287
   -12.900 :    60.308   418.838     0.318
   -12.800 :    60.513   462.982     0.351
   -12.700 :    60.699   512.869     0.374
   -12.600 :    60.905   544.739     0.393
   -12.500 :    61.085   579.986     0.423
   -12.400 :    61.309   591.923     0.424
   -12.300 :    61.489   596.766     0.469
   -12.200 :    61.751   592.486     0.493
   -12.100 :    61.906   583.928     0.523
   -12.000 :    62.124   584.603     0.535
   -11.900 :    62.335   585.842     0.546
   -11.800 :    62.503   584.040     0.588
   -11.700 :    62.764   586.856     0.610
   -11.600 :    62.895   587.081     0.638
   -11.500 :    63.113   586.293     0.639
   -11.400 :    63.343   574.919     0.629
   -11.300 :    63.492   562.757     0.623
   -11.200 :    63.710   543.500     0.609
   -11.100 :    63.822   521.991     0.604
   -11.000 :    64.052   509.491     0.583
   -10.900 :    64.276   494.288     0.566
   -10.800 :    64.487   486.856     0.544
   -10.700 :    64.686   479.536     0.552
   -10.600 :    64.842   471.428     0.561
   -10.500 :    65.041   463.320     0.589
   -10.400 :    65.227   459.491     0.593
   -10.300 :    65.489   456.225     0.593
   -10.200 :    65.644   458.928     0.599
   -10.100 :    65.825   465.685     0.598
   -10.000 :    65.980   474.243     0.594
    -9.900 :    66.167   488.770     0.584
    -9.800 :    66.384   499.018     0.553
    -9.700 :    66.552   502.509     0.538
    -9.600 :    66.801   496.203     0.562
    -9.500 :    66.938   490.797     0.574
    -9.400 :    67.162   487.644     0.586
    -9.300 :    67.317   483.027     0.609
    -9.200 :    67.523   479.536     0.589
    -9.100 :    67.753   491.360     0.575
    -9.000 :    67.989   510.504     0.552
    -8.900 :    68.151   535.504     0.565
    -8.800 :    68.319   554.761     0.574
    -8.700 :    68.592   562.194     0.569
    -8.600 :    68.804   558.590     0.581
    -8.500 :    69.028   540.459     0.588
    -8.400 :    69.295   521.766     0.586
    -8.300 :    69.513   514.558     0.596
    -8.200 :    69.811   517.824     0.584
    -8.100 :    70.116   534.603     0.557
    -8.000 :    70.384   561.743     0.561
    -7.900 :    70.632   588.995     0.563
    -7.800 :    70.844   609.040     0.580
    -7.700 :    71.074   619.288     0.595
    -7.600 :    71.379   632.576     0.584
    -7.500 :    71.771   637.644     0.574
    -7.400 :    72.051   639.671     0.579
    -7.300 :    72.386   637.982     0.572
    -7.200 :    72.654   641.248     0.584
    -7.100 :    72.971   649.694     0.576
    -7.000 :    73.400   659.603     0.582
    -6.900 :    73.854   673.793     0.577
    -6.800 :    74.277   679.198     0.585
    -6.700 :    74.800   678.635     0.590
    -6.600 :    75.384   678.748     0.589
    -6.500 :    75.876   679.085     0.583
    -6.400 :    76.355   672.441     0.578
    -6.300 :    76.809   670.302     0.581
    -6.200 :    77.219   671.766     0.568
    -6.100 :    77.680   669.964     0.583
    -6.000 :    78.308   660.392     0.583
    -5.900 :    79.060   649.130     0.584
    -5.800 :    79.664   642.824     0.580
    -5.700 :    80.112   637.194     0.580
    -5.600 :    80.472   630.437     0.577
    -5.500 :    80.665   626.946     0.582
    -5.400 :    80.933   628.297     0.569
    -5.300 :    81.107   636.518     0.563
    -5.200 :    81.231   642.599     0.571
    -5.100 :    81.455   649.581     0.570
    -5.000 :    81.797   649.694     0.592
    -4.900 :    82.270   643.162     0.580
    -4.800 :    82.519   638.658     0.576
    -4.700 :    82.612   631.000     0.577
    -4.600 :    82.637   625.257     0.573
    -4.500 :    82.792   627.396     0.578
    -4.400 :    83.010   632.464     0.579
    -4.300 :    83.197   643.162     0.588
    -4.200 :    83.570   651.946     0.573
    -4.100 :    84.042   661.293     0.571
    -4.000 :    84.503   670.414     0.571
    -3.900 :    84.739   675.932     0.576
    -3.800 :    84.801   681.338     0.566
    -3.700 :    84.895   678.297     0.568
    -3.600 :    85.019   675.820     0.566
    -3.500 :    85.398   674.130     0.575
    -3.400 :    86.083   677.621     0.579
    -3.300 :    86.736   686.743     0.580
    -3.200 :    87.196   697.666     0.577
    -3.100 :    87.426   709.491     0.577
    -3.000 :    87.532   718.275     0.571
    -2.900 :    87.737   725.144     0.578
    -2.800 :    87.980   734.266     0.589
    -2.700 :    88.409   735.842     0.583
    -2.600 :    88.819   737.644     0.580
    -2.500 :    89.056   738.094     0.585
    -2.400 :    89.298   738.432     0.585
    -2.300 :    89.460   736.856     0.576
    -2.200 :    89.578   740.910     0.575
    -2.100 :    89.640   748.680     0.587
    -2.000 :    89.721   757.689     0.584
    -1.900 :    90.013   760.617     0.578
    -1.800 :    90.374   762.419     0.585
    -1.700 :    90.828   764.333     0.585
    -1.600 :    91.313   766.135     0.570
    -1.500 :    91.662   768.612     0.583
    -1.400 :    91.942   772.441     0.571
    -1.300 :    91.904   773.905     0.575
    -1.200 :    92.010   774.581     0.574
    -1.100 :    92.327   775.820     0.585
    -1.000 :    92.806   774.243     0.584
    -0.900 :    93.254   767.374     0.586
    -0.800 :    93.559   763.995     0.573
    -0.700 :    93.770   759.153     0.580
    -0.600 :    93.920   758.140     0.580
    -0.500 :    94.168   757.689     0.567
    -0.400 :    94.504   759.266     0.583
    -0.300 :    95.052   763.545     0.576
    -0.200 :    95.642   763.545     0.576
    -0.100 :    96.196   763.658     0.583
     0.000 :    96.694   758.140     0.582
     0.100 :    97.023   750.144     0.574
     0.200 :    97.266   744.513     0.576
     0.300 :    97.316   740.572     0.577
     0.400 :    97.340   739.446     0.579
     0.500 :    97.508   737.757     0.576
     0.600 :    97.739   740.572     0.581
     0.700 :    98.093   744.176     0.575
     0.800 :    98.392   745.189     0.578
     0.900 :    98.640   743.049     0.576
     1.000 :    98.759   740.347     0.575
     1.100 :    98.833   739.446     0.579
     1.200 :    98.933   734.716     0.584
     1.300 :    99.182   732.126     0.582
     1.400 :    99.598   732.351     0.575
     1.500 :   100.009   731.450     0.598
     1.600 :   100.494   728.185     0.585
     1.700 :   100.761   722.892     0.580
     1.800 :   100.917   715.347     0.580
     1.900 :   101.097   708.590     0.583
     2.000 :   101.265   701.158     0.574
     2.100 :   101.390   694.851     0.581
     2.200 :   101.645   690.009     0.583
     2.300 :   102.099   684.829     0.583
     2.400 :   102.658   680.437     0.582
     2.500 :   103.119   674.243     0.574
     2.600 :   103.367   666.248     0.582
     2.700 :   103.492   656.000     0.585
     2.800 :   103.672   642.261     0.586
     2.900 :   103.971   631.112     0.576
     3.000 :   104.294   617.486     0.577
     3.100 :   104.723   606.788     0.565
     3.200 :   105.028   597.103     0.589
     3.300 :   105.190   587.419     0.592
     3.400 :   105.283   577.959     0.573
     3.500 :   105.364   566.135     0.563
     3.600 :   105.333   551.946     0.597
     3.700 :   105.352   536.293     0.584
     3.800 :   105.526   520.977     0.575
     3.900 :   105.831   506.788     0.575
     4.000 :   106.204   492.374     0.579
     4.100 :   106.390   478.748     0.573
     4.200 :   106.459   464.896     0.573
     4.300 :   106.540   451.383     0.587
     4.400 :   106.664   438.770     0.576
     4.500 :   107.031   421.766     0.558
     4.600 :   107.373   406.225     0.576
     4.700 :   107.728   391.135     0.588
     4.800 :   107.970   376.608     0.573
     4.900 :   108.014   361.405     0.576
     5.000 :   108.175   348.230     0.577
     5.100 :   108.387   335.279     0.584
     5.200 :   108.654   322.892     0.579
     5.300 :   109.077   310.617     0.582
     5.400 :   109.432   299.243     0.575
     5.500 :   109.637   288.320     0.571
     5.600 :   109.811   276.608     0.591
     5.700 :   109.936   266.360     0.585
     5.800 :   110.122   256.450     0.580
     5.900 :   110.278   246.653     0.585
     6.000 :   110.421   237.419     0.569
     6.100 :   110.520   228.297     0.584
     6.200 :   110.626   220.302     0.575
     6.300 :   110.707   213.770     0.581
     6.400 :   110.707   206.788     0.581
     6.500 :   110.769   199.694     0.574
     6.600 :   110.856   193.162     0.571
     6.700 :   110.968   185.504     0.574
     6.800 :   111.142   177.734     0.575
     6.900 :   111.292   168.838     0.584
     7.000 :   111.515   161.180     0.560
     7.100 :   111.671   155.549     0.575
     7.200 :   111.789   149.694     0.571
     7.300 :   111.889   144.513     0.579
     7.400 :   111.988   139.108     0.564
     7.500 :   112.063   133.703     0.573
     7.600 :   112.318   127.847     0.586
     7.700 :   112.660   121.540     0.571
     7.800 :   112.902   115.572     0.570
     7.900 :   112.971   108.252     0.575
     8.000 :   113.089   100.482     0.563
     8.100 :   113.238    94.176     0.573
     8.200 :   113.431    88.545     0.570
     8.300 :   113.711    83.252     0.575
     8.400 :   113.873    78.860     0.571
     8.500 :   113.860    74.131     0.571
     8.600 :   113.711    69.513     0.563
     8.700 :   113.531    65.910     0.571
     8.800 :   113.556    62.194     0.566
     8.900 :   113.686    57.577     0.566
     9.000 :   113.755    52.959     0.564
     9.100 :   113.761    49.131     0.563
     9.200 :   113.786    45.302     0.555
     9.300 :   113.823    41.135     0.557
     9.400 :   113.860    37.306     0.556
     9.500 :   113.910    33.703     0.547
     9.600 :   114.028    31.000     0.541
     9.700 :   114.240    28.185     0.530
     9.800 :   114.327    24.356     0.524
     9.900 :   114.215    20.977     0.518
    10.000 :   114.146    17.261     0.506
    10.100 :   114.122    12.982     0.495
    10.200 :   114.277     9.153     0.481
    10.300 :   114.457     5.775     0.474
    10.400 :   114.569     3.860     0.461
    10.500 :   114.650     3.072     0.448
    10.600 :   114.793     2.059     0.422
    10.700 :   114.930     1.383     0.411
    10.800 :   115.061     1.270     0.388
    10.900 :   115.104     1.045     0.376
    11.000 :   115.117     1.045     0.357
    11.100 :   115.061     1.045     0.335
    11.200 :   114.943     1.045     0.309
    11.300 :   114.750     1.045     0.284
    11.400 :   114.538     1.045     0.261
    11.500 :   114.377     1.045     0.245
    11.600 :   114.314     1.045     0.207
    11.700 :   114.290     1.045     0.187
    11.800 :   114.252     1.045     0.164
    11.900 :   114.258     1.045     0.131
    12.000 :   114.302     1.045     0.097
    12.100 :   114.358     1.270     0.074
    12.200 :   114.314     1.270     0.050
    12.300 :   114.271     1.495     0.021
    12.400 :   114.227     2.284    -0.016
    12.500 :   114.171     2.959    -0.045
    12.600 :   114.078     4.423    -0.059
    12.700 :   114.072     5.550    -0.049
    12.800 :   114.016     6.563    -0.009
    12.900 :   113.929     9.040     0.015
    13.000 :   113.916    11.293     0.047
    13.100 :   113.985    12.869     0.063
    13.200 :   114.122    15.122     0.059
    13.300 :   114.215    16.923     0.044
    13.400 :   114.059    18.613     0.041
    13.500 :   113.860    19.964     0.049
    13.600 :   113.742    21.540     0.042
    13.700 :   113.624    22.329     0.061
    13.800 :   113.481    23.117     0.057
    13.900 :   113.282    24.131     0.041
    14.000 :   112.983    24.356     0.012
    14.100 :   112.722    24.131    -0.015
    14.200 :   112.511    24.356    -0.019
    14.300 :   112.405    25.257    -0.025
    14.400 :   112.312    26.383    -0.020
    14.500 :   112.268    27.059    -0.019
    14.600 :   112.125    27.847    -0.003
    14.700 :   111.957    29.086    -0.001
    14.800 :   111.770    29.198     0.020
    14.900 :   111.603    29.086     0.051
    15.000 :   111.553    29.086     0.043
    15.100 :   111.459    28.522     0.045
    15.200 :   111.304    27.509     0.045
    15.300 :   111.117    25.031     0.035
    15.400 :   111.049    20.414     0.027
    15.500 :   111.024    13.995     0.022
    15.600 :   110.981     8.365     0.019
    15.700 :   110.887     3.635     0.010
    15.800 :   110.738     2.059    -0.007
    15.900 :   110.508     1.158    -0.013
    16.000 :   110.346     1.045    -0.018
    16.100 :   110.203     1.045    -0.003
    16.200 :   110.048     1.045     0.011
    16.300 :   109.786     1.045     0.014
    16.400 :   109.401     1.045     0.023
    16.500 :   109.040     1.045     0.019
    16.600 :   108.791     1.045     0.022
    16.700 :   108.629     1.045     0.012
    16.800 :   108.493     1.045     0.006
    16.900 :   108.312     1.045     0.013
    17.000 :   107.951     1.045    -0.001
    17.100 :   107.609     1.045    -0.001
    17.200 :   107.373     1.045    -0.007
    17.300 :   107.168     1.045    -0.012
    17.400 :   107.056     1.045     0.002
    17.500 :   106.875     1.045     0.011
    17.600 :   106.620     1.045     0.016
    17.700 :   106.384     1.045     0.014
    17.800 :   106.173     1.045     0.004
    17.900 :   106.098     1.045     0.014
    18.000 :   106.092     1.045     0.008
    18.100 :   106.048     1.045     0.010
    18.200 :   105.812     1.045     0.010
    18.300 :   105.532     1.045     0.000
    18.400 :   105.233     1.045     0.000
    18.500 :   105.041     1.045     0.007
    18.600 :   104.773     1.045     0.019
    18.700 :   104.468     1.045     0.005
    18.800 :   104.070     1.045     0.018
    18.900 :   103.716     1.045     0.009
    19.000 :   103.380     1.045     0.009
    19.100 :   103.100     1.045     0.007
    19.200 :   102.857     1.045     0.005
    19.300 :   102.658     1.045     0.007
    19.400 :   102.391     1.045     0.004
    19.500 :   102.068     1.045     0.003
    19.600 :   101.719     1.045     0.014
    19.700 :   101.433     1.045     0.008
    19.800 :   101.172     1.045     0.019
    19.900 :   100.923     1.045     0.027
    20.000 :   100.631     1.045     0.025
    20.100 :   100.388     1.045     0.008
    20.200 :   100.133     1.045     0.006
    20.300 :    99.953     1.045     0.000
    20.400 :    99.791     1.045     0.012
    20.500 :    99.586     1.045     0.010
    20.600 :    99.374     1.045     0.004
    20.700 :    99.144     1.045     0.008
    20.800 :    98.920     1.045     0.005
    20.900 :    98.696     1.045     0.009
    21.000 :    98.423     1.045     0.007
    21.100 :    98.118     1.045     0.008
    21.200 :    97.801     1.045     0.013
    21.300 :    97.502     1.045     0.008
    21.400 :    97.160     1.045     0.009
    21.500 :    96.812     1.045     0.013
    21.600 :    96.463     1.045     0.009
    21.700 :    96.140     1.045     0.008
    21.800 :    95.829     1.045     0.006
    21.900 :    95.487     1.045     0.006
    22.000 :    95.139     1.045     0.017
    22.100 :    94.840     1.045     0.011
    22.200 :    94.560     1.045     0.016
    22.300 :    94.299     1.045     0.017
    22.400 :    94.094     1.045     0.013
    22.500 :    93.857     1.045     0.014
    22.600 :    93.621     1.045     0.009
    22.700 :    93.335     1.045     0.019
    22.800 :    93.067     1.045     0.016
    22.900 :    92.850     1.045     0.010
    23.000 :    92.638     1.045     0.014
    23.100 :    92.377     1.045     0.015
    23.200 :    92.035     1.045     0.017
    23.300 :    91.755     1.045     0.016
    23.400 :    91.531     1.045     0.019
    23.500 :    91.320     1.045     0.025
    23.600 :    91.077     1.045     0.010
    23.700 :    90.779     1.045     0.015
    23.800 :    90.468     1.045     0.017
    23.900 :    90.132     1.045     0.017
    24.000 :    89.858     1.045     0.010
    24.100 :    89.535     1.045     0.016
    24.200 :    89.174     1.045     0.019
    24.300 :    88.776     1.045     0.016
    24.400 :    88.421     1.045     0.008
    24.500 :    88.060     1.045     0.015
    24.600 :    87.700     1.045     0.020
    24.700 :    87.376     1.045     0.014
    24.800 :    87.103     1.045     0.013
    24.900 :    86.879     1.045     0.011
    25.000 :    86.655     1.045     0.007
    25.100 :    86.406     1.045     0.015
    25.200 :    86.163     1.045     0.009
    25.300 :    85.902     1.045     0.017
    25.400 :    85.666     1.045     0.015
    25.500 :    85.423     1.045     0.008
    25.600 :    85.150     1.045     0.017
    25.700 :    84.907     1.045     0.014
    25.800 :    84.640     1.045     0.013
    25.900 :    84.347     1.045     0.015
    26.000 :    84.061     1.045     0.012
    26.100 :    83.794     1.045     0.013
    26.200 :    83.564     1.045     0.013
    26.300 :    83.321     1.045     0.011
    26.400 :    83.029     1.045     0.013
    26.500 :    82.730     1.045     0.014
    26.600 :    82.376     1.045     0.016
    26.700 :    82.046     1.045     0.008
    26.800 :    81.704     1.045     0.021
    26.900 :    81.393     1.045     0.015
    27.000 :    81.026     1.045     0.013
    27.100 :    80.715     1.045     0.013
    27.200 :    80.385     1.045     0.013
    27.300 :    80.080     1.045     0.015
    27.400 :    79.819     1.045     0.013
    27.500 :    79.589     1.045     0.025
    27.600 :    79.328     1.045     0.023
    27.700 :    79.085     1.045     0.013
    27.800 :    78.793     1.045     0.017
    27.900 :    78.494     1.045     0.023
    28.000 :    78.252     1.045     0.002
    28.100 :    77.966     1.045     0.022
    28.200 :    77.754     1.045     0.020
    28.300 :    77.512     1.045     0.018
    28.400 :    77.244     1.045     0.012
    28.500 :    77.002     1.045     0.009
    28.600 :    76.728     1.045     0.009
    28.700 :    76.560     1.045     0.017
    28.800 :    76.342     1.045     0.019
    28.900 :    76.112     1.045     0.013
    29.000 :    75.845     1.045     0.011
    29.100 :    75.509     1.045     0.015
    29.200 :    75.142     1.045     0.012
    29.300 :    74.794     1.045     0.014
    29.400 :    74.483     1.045     0.010
    29.500 :    74.228     1.045     0.013
    29.600 :    73.898     1.045     0.014
    29.700 :    73.550     1.045     0.010
    29.800 :    73.263     1.045     0.010
    29.900 :    73.058     1.045     0.022
    30.000 :    72.841     1.045     0.013
    30.100 :    72.586     1.045     0.005
    30.200 :    72.362     1.045     0.013
    30.300 :    72.069     1.045     0.019
    30.400 :    71.796     1.045     0.013
    30.500 :    71.534     1.045     0.014
    30.600 :    71.292     1.045     0.020
    30.700 :    71.031     1.045     0.009
    30.800 :    70.763     1.045     0.005
    30.900 :    70.483     1.045     0.020
    31.000 :    70.259     1.045     0.013
    31.100 :    70.073     1.045     0.014
    31.200 :    69.880     1.045     0.013
    31.300 :    69.675     1.045     0.015
    31.400 :    69.451     1.045     0.014
    31.500 :    69.214     1.045     0.016
    31.600 :    68.984     1.045     0.010
    31.700 :    68.723     1.045     0.028
    31.800 :    68.468     1.045     0.009
    31.900 :    68.151     1.045     0.019
    32.000 :    67.840     1.045     0.013
    32.100 :    67.529     1.045     0.018
    32.200 :    67.230     1.045     0.014
    32.300 :    66.938     1.045     0.013
    32.400 :    66.677     1.045     0.007
    32.500 :    66.440     1.045     0.007
    32.600 :    66.123     1.045     0.020
    32.700 :    65.893     1.045     0.017
    32.800 :    65.650     1.045     0.014
    32.900 :    65.426     1.045     0.015
    33.000 :    65.221     1.045     0.010
    33.100 :    64.972     1.045     0.017
    33.200 :    64.736     1.045     0.012
    33.300 :    64.494     1.045     0.012
    33.400 :    64.263     1.045     0.014
    33.500 :    64.052     1.045     0.008
    33.600 :    63.822     1.045     0.014
    33.700 :    63.635     1.045     0.017
    33.800 :    63.411     1.045     0.020
    33.900 :    63.194     1.045     0.006
    34.000 :    62.995     1.045     0.005
    34.100 :    62.777     1.045     0.010
    34.200 :    62.578     1.045     0.011
    34.300 :    62.329     1.045     0.021
    34.400 :    62.093     1.045     0.008
    34.500 :    61.838     1.045     0.012
    34.600 :    61.583     1.045     0.016
    34.700 :    61.340     1.045     0.013
    34.800 :    61.091     1.045     0.016
    34.900 :    60.861     1.045     0.015
    35.000 :    60.575     1.045     0.008
    35.100 :    60.345     1.045     0.008
    35.200 :    60.053     1.045     0.020
    35.300 :    59.835     1.045     0.013
    35.400 :    59.586     1.045     0.020
    35.500 :    59.368     1.045     0.013
    35.600 :    59.132     1.045     0.013
    35.700 :    58.914     1.045     0.004
    35.800 :    58.690     1.045     0.018
    35.900 :    58.516     1.045     0.012
    36.000 :    58.286     1.045     0.026
    36.100 :    58.112     1.045     0.012
    36.200 :    57.900     1.045     0.008
    36.300 :    57.739     1.045     0.002
    36.400 :    57.490     1.045     0.023
    36.500 :    57.328     1.045     0.013
    36.600 :    57.111     1.045     0.017
    36.700 :    56.924     1.045     0.010
    36.800 :    56.750     1.045     0.000
    36.900 :    56.532     1.045     0.017
    37.000 :    56.339     1.045     0.007
    37.100 :    56.122     1.045     0.017
    37.200 :    55.879     1.045     0.017
    37.300 :    55.655     1.045     0.009
    37.400 :    55.437     1.045     0.013
    37.500 :    55.226     1.045     0.017
    37.600 :    55.008     1.045     0.012
    37.700 :    54.759     1.045     0.016
    37.800 :    54.517     1.045     0.016
    37.900 :    54.281     1.045     0.010
    38.000 :    54.075     1.045     0.011
    38.100 :    53.882     1.045     0.025
    38.200 :    53.696     1.045     0.017
    38.300 :    53.491     1.045     0.015
    38.400 :    53.292     1.045     0.006
    38.500 :    53.099     1.045     0.014
    38.600 :    52.925     1.045     0.009
    38.700 :    52.713     1.045     0.022
    38.800 :    52.558     1.045     0.009
    38.900 :    52.352     1.045     0.013
    39.000 :    52.172     1.045     0.005
    39.100 :    51.998     1.045     0.006
    39.200 :    51.793     1.045     0.019
    39.300 :    51.631     1.045     0.016
    39.400 :    51.451     1.045     0.019
    39.500 :    51.270     1.045     0.012
    39.600 :    51.102     1.045     0.006
    39.700 :    50.953     1.045     0.009
    39.800 :    50.766     1.045     0.021
    39.900 :    50.605     1.045     0.017
    40.000 :    50.418     1.045     0.014
    40.100 :    50.225     1.045     0.009
    40.200 :    50.014     1.045     0.023
    40.300 :    49.815     1.045     0.021
    40.400 :    49.572     1.045     0.020
    40.500 :    49.379     1.045     0.010
    40.600 :    49.155     1.045     0.008
    40.700 :    48.975     1.045     0.008
    40.800 :    48.776     1.045     0.016
    40.900 :    48.583     1.045     0.022
    41.000 :    48.415     1.045     0.014
    41.100 :    48.241     1.045     0.008
    41.200 :    48.061     1.045     0.006
    41.300 :    47.905     1.045     0.009
    41.400 :    47.744     1.045     0.018
    41.500 :    47.600     1.045     0.017
    41.600 :    47.439     1.045     0.015
    41.700 :    47.283     1.045     0.010
    41.800 :    47.109     1.045     0.010
    41.900 :    46.922     1.045     0.014
    42.000 :    46.742     1.045     0.018
    42.100 :    46.574     1.045     0.023
    42.200 :    46.437     1.045     0.013
    42.300 :    46.269     1.045     0.012
    42.400 :    46.139     1.045     0.005
    42.500 :    45.946     1.045     0.013
    42.600 :    45.803     1.045     0.013
    42.700 :    45.660     1.045     0.021
    42.800 :    45.498     1.045     0.004
    42.900 :    45.336     1.045     0.010
    43.000 :    45.206     1.045     0.007
    43.100 :    45.007     1.045     0.017
    43.200 :    44.808     1.045     0.018
    43.300 :    44.634     1.045     0.014
    43.400 :    44.416     1.045     0.013
    43.500 :    44.254     1.045     0.010
    43.600 :    44.068     1.045     0.018
    43.700 :    43.925     1.045     0.020
    43.800 :    43.738     1.045     0.016
    43.900 :    43.595     1.045     0.009
    44.000 :    43.396     1.045     0.012
    44.100 :    43.265     1.045     0.010
    44.200 :    43.097     1.045     0.021
    44.300 :    42.985     1.045     0.015
    44.400 :    42.830     1.045     0.017
    44.500 :    42.693     1.045     0.007
    44.600 :    42.531     1.045     0.018
    44.700 :    42.370     1.045     0.014
    44.800 :    42.189     1.045     0.015
    44.900 :    42.096     1.045     0.023
    45.000 :    41.934     1.045     0.011
    45.100 :    41.797     1.045     0.000
    45.200 :    41.685     1.045     0.013
    45.300 :    41.524     1.045     0.030
    45.400 :    41.437     1.045     0.012
    45.500 :    41.238     1.045     0.016
    45.600 :    41.144     1.045    -0.008
    45.700 :    40.970     1.045     0.013
    45.800 :    40.827     1.045     0.009
    45.900 :    40.640     1.045     0.018
    46.000 :    40.479     1.045     0.019
    46.100 :    40.336     1.045     0.009
    46.200 :    40.186     1.045     0.000
    46.300 :    40.050     1.045     0.019
    46.400 :    39.851     1.045     0.015
    46.500 :    39.701     1.045     0.016
    46.600 :    39.552     1.045     0.011
    46.700 :    39.396     1.045     0.009
    46.800 :    39.253     1.045     0.007
    46.900 :    39.141     1.045     0.014
    47.000 :    39.054     1.045     0.003
    47.100 :    38.855     1.045     0.027
    47.200 :    38.750     1.045     0.003
    47.300 :    38.613     1.045     0.000
    47.400 :    38.482     1.045     0.012
    47.500 :    38.345     1.045     0.019
    47.600 :    38.209     1.045     0.021
    47.700 :    38.084     1.045     0.013
    47.800 :    37.960     1.045     0.003
    47.900 :    37.823     1.045     0.009
    48.000 :    37.698     1.045     0.014
    48.100 :    37.593     1.045     0.019
    48.200 :    37.506     1.045     0.011
    48.300 :    37.375     1.045     0.008
    48.400 :    37.226     1.045     0.007
    48.500 :    37.139     1.045     0.005
    48.600 :    36.971     1.045     0.025
    48.700 :    36.877     1.045     0.017
    48.800 :    36.722     1.045     0.016
    48.900 :    36.610     1.045     0.001
    49.000 :    36.442     1.045     0.012
    49.100 :    36.299     1.045     0.012
    49.200 :    36.168     1.045     0.011
    49.300 :    36.032     1.045     0.022
    49.400 :    35.901     1.045     0.013
    49.500 :    35.764     1.045     0.004
    49.600 :    35.633     1.045     0.013
    49.700 :    35.515     1.045     0.023
    49.800 :    35.391     1.045     0.025
    49.900 :    35.279     1.045     0.015
    50.000 :    35.192     1.045     0.008
    50.100 :    35.061     1.045     0.012
    50.200 :    34.993     1.045     0.011
    50.300 :    34.868     1.045     0.023
    50.400 :    34.756     1.045     0.020
    50.500 :    34.632     1.045     0.017
    50.600 :    34.501     1.045     0.003
    50.700 :    34.402     1.045     0.015
    50.800 :    34.278     1.045     0.018
    50.900 :    34.166     1.045     0.024
    51.000 :    34.085     1.045     0.013
    51.100 :    33.935     1.045     0.016
    51.200 :    33.879     1.045     0.006
    51.300 :    33.755     1.045     0.010
    51.400 :    33.649     1.045     0.013
    51.500 :    33.569     1.045     0.014
    51.600 :    33.425     1.045     0.013
    51.700 :    33.326     1.045     0.005
    51.800 :    33.226     1.045     0.011
    51.900 :    33.121     1.045     0.011
    52.000 :    33.003     1.045     0.011
    52.100 :    32.878     1.045     0.022
    52.200 :    32.766     1.045     0.014
    52.300 :    32.629     1.045     0.008
    52.400 :    32.505     1.045     0.014
    52.500 :    32.374     1.045     0.016
    52.600 :    32.237     1.045     0.028
    52.700 :    32.181     1.045     0.013
    52.800 :    32.045     1.045     0.012
    52.900 :    31.933     1.045     0.009
    53.000 :    31.858     1.045     0.010
    53.100 :    31.752     1.045     0.020
    53.200 :    31.659     1.045     0.014
    53.300 :    31.560     1.045     0.015
    53.400 :    31.466     1.045     0.009
    53.500 :    31.373     1.045     0.013
    53.600 :    31.236     1.045     0.016
    53.700 :    31.137     1.045     0.016
    53.800 :    31.049     1.045     0.010
    53.900 :    30.969     1.045     0.016
    54.000 :    30.863     1.045     0.011
    54.100 :    30.782     1.045     0.007
    54.200 :    30.658     1.045     0.016
    54.300 :    30.552     1.045     0.016
    54.400 :    30.452     1.045     0.009
    54.500 :    30.365     1.045     0.013
    54.600 :    30.260     1.045     0.017
    54.700 :    30.191     1.045     0.008
    54.800 :    30.061     1.045     0.022
    54.900 :    29.973     1.045     0.014
    55.000 :    29.893     1.045     0.007
    55.100 :    29.812     1.045     0.005
    55.200 :    29.681     1.045     0.017
    55.300 :    29.582     1.045     0.014
    55.400 :    29.420     1.045     0.020
    55.500 :    29.345     1.045     0.007
    55.600 :    29.208     1.045     0.016
    55.700 :    29.128     1.045     0.008
    55.800 :    29.022     1.045     0.010
    55.900 :    28.935     1.045     0.017
    56.000 :    28.848     1.045     0.015
    56.100 :    28.773     1.045     0.015
    56.200 :    28.667     1.045     0.007
    56.300 :    28.624     1.045     0.008
    56.400 :    28.499     1.045     0.015
    56.500 :    28.431     1.045     0.015
    56.600 :    28.356     1.045     0.017
    56.700 :    28.257     1.045     0.016
    56.800 :    28.145     1.045     0.007
    56.900 :    28.052     1.045     0.015
    57.000 :    27.983     1.045     0.014
    57.100 :    27.871     1.045     0.019
    57.200 :    27.821     1.045     0.007
    57.300 :    27.728     1.045     0.010
    57.400 :    27.641     1.045     0.013
    57.500 :    27.560     1.045     0.013
    57.600 :    27.430     1.045     0.020
    57.700 :    27.374     1.045     0.012
    57.800 :    27.299     1.045     0.012
    57.900 :    27.206     1.045     0.011
    58.000 :    27.137     1.045     0.009
    58.100 :    27.069     1.045     0.014
    58.200 :    26.944     1.045     0.017
    58.300 :    26.882     1.045     0.011
    58.400 :    26.758     1.045     0.015
    58.500 :    26.689     1.045     0.013
    58.600 :    26.590     1.045     0.018
    58.700 :    26.490     1.045     0.016
    58.800 :    26.416     1.045     0.008
    58.900 :    26.310     1.045     0.013
    59.000 :    26.260     1.045    -0.002
    59.100 :    26.186     1.045     0.015
    59.200 :    26.111     1.045     0.014
    59.300 :    26.024     1.045     0.027
    59.400 :    25.968     1.045     0.011
    59.500 :    25.912     1.045     0.007
    59.600 :    25.831     1.045     0.008
    59.700 :    25.750     1.045     0.008
    59.800 :    25.676     1.045     0.016
    59.900 :    25.582     1.045     0.015
    60.000 :    25.495     1.045     0.012
    60.100 :    25.433     1.045     0.006
    60.200 :    25.365     1.045     0.011
    60.300 :    25.265     1.045     0.017
    60.400 :    25.190     1.045     0.013
    60.500 :    25.128     1.045     0.014
    60.600 :    25.066     1.045     0.014
    60.700 :    24.979     1.045     0.005
    60.800 :    24.942     1.045     0.013
    60.900 :    24.811     1.045     0.016
    61.000 :    24.761     1.045     0.010
    61.100 :    24.687     1.045     0.016
    61.200 :    24.612     1.045     0.011
    61.300 :    24.537     1.045     0.017
    61.400 :    24.475     1.045     0.022
    61.500 :    24.388     1.045     0.019
    61.600 :    24.351     1.045     0.017
    61.700 :    24.264     1.045     0.021
    61.800 :    24.214     1.045    -0.008
    61.900 :    24.089     1.045     0.024
    62.000 :    23.965     1.045     0.019
    62.100 :    23.934     1.045    -0.005
    62.200 :    23.834     1.045     0.022
    62.300 :    23.785     1.045     0.017
    62.400 :    23.704     1.045     0.012
    62.500 :    23.611     1.045     0.019
    62.600 :    23.598     1.045     0.012
    62.700 :    23.505     1.045     0.021
    62.800 :    23.467     1.045     0.013
    62.900 :    23.380     1.045     0.005
    63.000 :    23.337     1.045     0.004
    63.100 :    23.244     1.045     0.023
    63.200 :    23.181     1.045     0.018
    63.300 :    23.181     1.045     0.012
    63.400 :    23.057     1.045     0.015
    63.500 :    23.001     1.045     0.011
    63.600 :    22.951     1.045     0.011
    63.700 :    22.852     1.045     0.019
    63.800 :    22.796     1.045     0.017
    63.900 :    22.721     1.045     0.003
    64.000 :    22.634     1.045     0.010
    64.100 :    22.597     1.045     0.008
    64.200 :    22.528     1.045     0.016
    64.300 :    22.466     1.045     0.024
    64.400 :    22.385     1.045     0.016
    64.500 :    22.348     1.045     0.008
    64.600 :    22.261     1.045     0.013
    64.700 :    22.199     1.045     0.013
    64.800 :    22.130     1.045     0.020
    64.900 :    22.068     1.045     0.012
    65.000 :    22.031     1.045     0.007
    65.100 :    21.956     1.045     0.017
    65.200 :    21.894     1.045     0.011
    65.300 :    21.832     1.045     0.028
    65.400 :    21.757     1.045     0.012
    65.500 :    21.689     1.045     0.018
    65.600 :    21.651     1.045     0.012
    65.700 :    21.546     1.045     0.014
    65.800 :    21.496     1.045     0.013
    65.900 :    21.421     1.045     0.015
    66.000 :    21.371     1.045     0.006
    66.100 :    21.322     1.045     0.010
    66.200 :    21.284     1.045     0.009
    66.300 :    21.247     1.045     0.005
    66.400 :    21.179     1.045     0.014
    66.500 :    21.116     1.045     0.017
    66.600 :    21.042     1.045     0.008
    66.700 :    21.098     1.045    -0.001
    66.800 :    20.930     1.045     0.028
    66.900 :    20.880     1.045     0.006
    67.000 :    20.812     1.045     0.003
    67.100 :    20.787     1.045     0.012
    67.200 :    20.693     1.045     0.017
    67.300 :    20.631     1.045     0.015
    67.400 :    20.557     1.045     0.025
    67.500 :    20.519     1.045     0.003
    67.600 :    20.494     1.045     0.009
    67.700 :    20.389     1.045     0.025
    67.800 :    20.314     1.045     0.013
    67.900 :    20.289     1.045     0.001
    68.000 :    20.227     1.045     0.022
    68.100 :    20.171     1.045     0.018
    68.200 :    20.096     1.045     0.013
    68.300 :    20.034     1.045     0.012
    68.400 :    20.003     1.045     0.003
    68.500 :    19.972     1.045     0.011
    68.600 :    19.910     1.045     0.010
    68.700 :    19.829     1.045     0.020
    68.800 :    19.785     1.045     0.012
    68.900 :    19.748     1.045     0.002
    69.000 :    19.692     1.045     0.008
    69.100 :    19.624     1.045     0.030
    69.200 :    19.605     1.045     0.007
    69.300 :    19.555     1.045     0.024
    69.400 :    19.456     1.045     0.018
    69.500 :    19.425     1.045    -0.002
    69.600 :    19.375     1.045     0.015
    69.700 :    19.282     1.045     0.019
    69.800 :    19.244     1.045     0.023
    69.900 :    19.232     1.045     0.026
    70.000 :    19.145     1.045     0.019
    70.100 :    19.107     1.045     0.009
    70.200 :    19.064     1.045     0.006
    70.300 :    19.008     1.045     0.009
    70.400 :    18.946     1.045     0.012
    70.500 :    18.939     1.045     0.011
    70.600 :    18.890     1.045     0.001
    70.700 :    18.796     1.045     0.019
    70.800 :    18.778     1.045     0.019
    70.900 :    18.709     1.045     0.017
    71.000 :    18.691     1.045     0.002
    71.100 :    18.610     1.045     0.019
    71.200 :    18.560     1.045     0.012
    71.300 :    18.517     1.045     0.007
    71.400 :    18.454     1.045     0.017
    71.500 :    18.423     1.045     0.006
    71.600 :    18.380     1.045     0.019
    71.700 :    18.305     1.045     0.012
    71.800 :    18.255     1.045     0.005
    71.900 :    18.212     1.045     0.015
    72.000 :    18.162     1.045     0.021
    72.100 :    18.125     1.045     0.009
    72.200 :    18.056     1.045     0.019
    72.300 :    18.044     1.045     0.003
    72.400 :    17.951     1.045     0.019
    72.500 :    17.963     1.045     0.007
    72.600 :    17.913     1.045     0.006
    72.700 :    17.863     1.045     0.017
    72.800 :    17.801     1.045     0.025
    72.900 :    17.745     1.045     0.009
    73.000 :    17.745     1.045     0.017
    73.100 :    17.695     1.045     0.022
    73.200 :    17.640     1.045     0.016
    73.300 :    17.608     1.045     0.021
    73.400 :    17.559     1.045     0.015
    73.500 :    17.521     1.045     0.003
    73.600 :    17.447     1.045     0.018
    73.700 :    17.434     1.045     0.017
    73.800 :    17.391     1.045     0.003
    73.900 :    17.285     1.045     0.026
    74.000 :    17.241     1.045     0.014
    74.100 :    17.241     1.045     0.006
    74.200 :    17.167     1.045     0.020
    74.300 :    17.117     1.045     0.015
    74.400 :    17.086     1.045     0.010
    74.500 :    17.018     1.045     0.013
    74.600 :    16.999     1.045     0.010
    74.700 :    16.962     1.045     0.027
    74.800 :    16.924     1.045     0.019
    74.900 :    16.887     1.045     0.006
    75.000 :    16.843     1.045     0.012
    75.100 :    16.781     1.045     0.021
    75.200 :    16.769     1.045     0.005
    75.300 :    16.719     1.045     0.015
    75.400 :    16.669     1.045     0.011
    75.500 :    16.644     1.045     0.012
    75.600 :    16.588     1.045     0.024
    75.700 :    16.539     1.045     0.006
    75.800 :    16.514     1.045     0.006
    75.900 :    16.470     1.045     0.015
    76.000 :    16.408     1.045     0.011
    76.100 :    16.396     1.045     0.005
    76.200 :    16.333     1.045     0.012
    76.300 :    16.296     1.045     0.014
    76.400 :    16.246     1.045     0.011
    76.500 :    16.197     1.045     0.013
    76.600 :    16.203     1.045    -0.001
    76.700 :    16.103     1.045     0.024
    76.800 :    16.109     1.045     0.007
    76.900 :    16.072     1.045     0.015
    77.000 :    16.016     1.045     0.016
    77.100 :    15.973     1.045     0.010
    77.200 :    15.954     1.045     0.007
    77.300 :    15.910     1.045     0.026
    77.400 :    15.867     1.045     0.031
    77.500 :    15.873     1.045     0.007
    77.600 :    15.811     1.045     0.019
    77.700 :    15.774     1.045     0.015
    77.800 :    15.730     1.045     0.007
    77.900 :    15.693     1.045     0.021
    78.000 :    15.649     1.045     0.005
    78.100 :    15.612     1.045     0.018
    78.200 :    15.587     1.045     0.014
    78.300 :    15.550     1.045     0.013
    78.400 :    15.500     1.045     0.014
    78.500 :    15.456     1.045     0.018
    78.600 :    15.413     1.045     0.009
    78.700 :    15.388     1.045     0.012
    78.800 :    15.357     1.045     0.017
    78.900 :    15.301     1.045     0.021
    79.000 :    15.264     1.045     0.005
    79.100 :    15.226     1.045     0.015
    79.200 :    15.232     1.045     0.013
    79.300 :    15.189     1.045     0.020
    79.400 :    15.139     1.045     0.013
    79.500 :    15.083     1.045     0.018
    79.600 :    15.089     1.045     0.011
    79.700 :    15.046     1.045     0.009
    79.800 :    15.002     1.045     0.019
    79.900 :    14.977     1.045     0.012
    80.000 :    14.940     1.045     0.013
    81.000 :    14.573     1.045     0.016
    82.000 :    14.256     1.045     0.008
    83.000 :    13.957     1.045    -0.001
    84.000 :    13.597     1.045     0.025
    85.000 :    13.348     1.045     0.022
    86.000 :    13.049     1.045     0.015
    87.000 :    12.751     1.045     0.026
    88.000 :    12.496     1.045     0.009
    89.000 :    12.253     1.045     0.008
    90.000 :    11.979     1.045     0.010
    91.000 :    11.749     1.045     0.011
    92.000 :    11.532     1.045     0.005
    93.000 :    11.295     1.045     0.021
    94.000 :    11.090     1.045     0.019
    95.000 :    10.891     1.045     0.007
    96.000 :    10.698     1.045     0.001
    97.000 :    10.493     1.045     0.021
    98.000 :    10.331     1.045     0.017
    99.000 :    10.132     1.045     0.016
   100.000 :     9.983     1.045     0.007
   101.000 :     9.809     1.045     0.007
   102.000 :     9.622     1.045     0.003
   103.000 :     9.473     1.045    -0.009
   104.000 :     9.330     1.045     0.017
   105.000 :     9.168     1.045     0.008
   106.000 :     9.050     1.045    -0.005
   107.000 :     8.938     1.045    -0.007
   108.000 :     8.770     1.045     0.020
   109.000 :     8.627     1.045     0.020
   110.000 :     8.503     1.045     0.011
   111.000 :     8.391     1.045     0.000
   112.000 :     8.260     1.045     0.011
   113.000 :     8.154     1.045     0.014
   114.000 :     8.036     1.045     0.014
   115.000 :     7.937     1.045     0.000
   116.000 :     7.818     1.045     0.005
   117.000 :     7.719     1.045     0.024
   118.000 :     7.644     1.045     0.013
   119.000 :     7.532     1.045     0.008
   120.000 :     7.451     1.045     0.009
   121.000 :     7.377     1.045     0.003
   122.000 :     7.302     1.045    -0.001
   123.000 :     7.196     1.045     0.013
   124.000 :     7.122     1.045     0.004
   125.000 :     7.047     1.045     0.008
   126.000 :     6.941     1.045     0.009
   127.000 :     6.898     1.045    -0.002
   128.000 :     6.817     1.045     0.008
   129.000 :     6.749     1.045     0.004
   130.000 :     6.668     1.045     0.011
   131.000 :     6.612     1.045     0.011
   132.000 :     6.543     1.045     0.008
   133.000 :     6.500     1.045     0.001
   134.000 :     6.425     1.045     0.013
   135.000 :     6.351     1.045     0.014
   136.000 :     6.319     1.045     0.010
   137.000 :     6.257     1.045     0.001
   138.000 :     6.220     1.045     0.014
   139.000 :     6.151     1.045     0.002
   140.000 :     6.120     1.045    -0.004
   141.000 :     6.071     1.045     0.013
   142.000 :     6.033     1.045     0.001
   143.000 :     5.959     1.045     0.010
   144.000 :     5.915     1.045     0.019
   145.000 :     5.884     1.045     0.001
   146.000 :     5.847     1.045     0.011
   147.000 :     5.809     1.045     0.002
   148.000 :     5.797     1.045    -0.004
   149.000 :     5.747     1.045     0.021
   150.000 :     5.716     1.045     0.007
   151.000 :     5.704     1.045     0.016
   152.000 :     5.666     1.045    -0.003
   153.000 :     5.617     1.045     0.001
   154.000 :     5.592     1.045     0.008
   155.000 :     5.536     1.045     0.012
   156.000 :     5.505     1.045     0.010
   157.000 :     5.505     1.045     0.005
   158.000 :     5.449     1.045     0.020
   159.000 :     5.418     1.045     0.016
   160.000 :     5.399     1.045     0.004
   161.000 :     5.337     1.045     0.003
   162.000 :     5.287     1.045     0.009
   163.000 :     5.225     1.045     0.023
   164.000 :     5.206     1.045     0.014
   165.000 :     5.107     1.045     0.018
   166.000 :     5.069     1.045    -0.001
   167.000 :     5.032     1.045     0.014
   168.000 :     4.976     1.045     0.013
   169.000 :     4.914     1.045     0.008
   170.000 :     4.827     1.045     0.009
   171.000 :     4.783     1.045     0.013
   172.000 :     4.727     1.045     0.013
   173.000 :     4.634     1.045     0.022
   174.000 :     4.603     1.045     0.004
   175.000 :     4.509     1.045    -0.001
   176.000 :     4.441     1.045     0.013
   177.000 :     4.373     1.045     0.018
   178.000 :     4.286     1.045     0.011
   179.000 :     4.223     1.045     0.013
   180.000 :     4.205     1.045     0.005
