-179.800 1.000000 -0.003491 0.000021 0.000017 0.000013
-179.600 0.999994 -0.006981 0.000062 0.000049 0.000039
-179.400 0.999983 -0.010472 0.000103 0.000082 0.000065
-179.200 0.999968 -0.013962 0.000144 0.000115 0.000091
-179.000 0.999949 -0.017452 0.000185 0.000147 0.000117
-178.800 0.999925 -0.020942 0.000227 0.000181 0.000143
-178.600 0.999897 -0.024432 0.000268 0.000213 0.000169
-178.400 0.999865 -0.027922 0.000309 0.000246 0.000195
-178.200 0.999829 -0.031411 0.000350 0.000278 0.000221
-178.000 0.999788 -0.034900 0.000393 0.000312 0.000248
-177.800 0.999743 -0.038388 0.000432 0.000344 0.000273
-177.600 0.999694 -0.041876 0.000474 0.000377 0.000299
-177.400 0.999641 -0.045363 0.000516 0.000410 0.000326
-177.200 0.999583 -0.048850 0.000557 0.000443 0.000352
-177.000 0.999521 -0.052336 0.000598 0.000476 0.000378
-176.800 0.999455 -0.055822 0.000640 0.000509 0.000404
-176.600 0.999384 -0.059306 0.000681 0.000542 0.000430
-176.400 0.999309 -0.062791 0.000722 0.000574 0.000456
-176.200 0.999230 -0.066274 0.000763 0.000607 0.000482
-176.000 0.999147 -0.069757 0.000806 0.000640 0.000509
-175.800 0.999059 -0.073238 0.000847 0.000673 0.000535
-175.600 0.998967 -0.076719 0.000888 0.000706 0.000561
-175.400 0.998871 -0.080199 0.000930 0.000739 0.000587
-175.200 0.998771 -0.083678 0.000972 0.000773 0.000614
-175.000 0.998666 -0.087156 0.001012 0.000805 0.000639
-174.800 0.998557 -0.090633 0.001054 0.000838 0.000666
-174.600 0.998444 -0.094108 0.001096 0.000871 0.000692
-174.400 0.998326 -0.097583 0.001138 0.000904 0.000718
-174.200 0.998204 -0.101056 0.001180 0.000938 0.000745
-174.000 0.998078 -0.104529 0.001220 0.000970 0.000771
-173.800 0.997948 -0.107999 0.001263 0.001004 0.000798
-173.600 0.997813 -0.111469 0.001304 0.001037 0.000824
-173.400 0.997674 -0.114937 0.001347 0.001071 0.000851
-173.200 0.997531 -0.118404 0.001388 0.001104 0.000877
-173.000 0.997383 -0.121869 0.001430 0.001137 0.000903
-172.800 0.997232 -0.125333 0.001473 0.001171 0.000931
-172.600 0.997076 -0.128796 0.001513 0.001203 0.000956
-172.400 0.996915 -0.132257 0.001556 0.001238 0.000983
-172.200 0.996751 -0.135716 0.001598 0.001271 0.001010
-172.000 0.996582 -0.139173 0.001640 0.001304 0.001036
-171.800 0.996409 -0.142629 0.001683 0.001338 0.001063
-171.600 0.996231 -0.146083 0.001725 0.001372 0.001090
-171.400 0.996050 -0.149535 0.001766 0.001405 0.001116
-171.200 0.995864 -0.152986 0.001809 0.001439 0.001143
-171.000 0.995674 -0.156435 0.001851 0.001472 0.001170
-170.800 0.995479 -0.159881 0.001894 0.001506 0.001197
-170.600 0.995280 -0.163326 0.001936 0.001540 0.001223
-170.400 0.995077 -0.166769 0.001979 0.001574 0.001251
-170.200 0.994870 -0.170210 0.002021 0.001607 0.001277
-170.000 0.994659 -0.173648 0.002064 0.001642 0.001305
-169.800 0.994443 -0.177085 0.002106 0.001675 0.001331
-169.600 0.994223 -0.180519 0.002150 0.001710 0.001359
-169.400 0.993998 -0.183952 0.002193 0.001744 0.001386
-169.200 0.993770 -0.187381 0.002235 0.001778 0.001413
-169.000 0.993537 -0.190809 0.002279 0.001813 0.001440
-168.800 0.993300 -0.194234 0.002320 0.001846 0.001467
-168.600 0.993058 -0.197657 0.002364 0.001881 0.001495
-168.400 0.992812 -0.201078 0.002409 0.001916 0.001523
-168.200 0.992563 -0.204496 0.002449 0.001948 0.001548
-168.000 0.992308 -0.207912 0.002494 0.001984 0.001577
-167.800 0.992050 -0.211325 0.002536 0.002018 0.001604
-167.600 0.991787 -0.214735 0.002581 0.002053 0.001632
-167.400 0.991520 -0.218143 0.002624 0.002087 0.001659
-167.200 0.991249 -0.221549 0.002668 0.002123 0.001688
-167.000 0.990974 -0.224951 0.002710 0.002156 0.001714
-166.800 0.990694 -0.228351 0.002756 0.002193 0.001743
-166.600 0.990410 -0.231748 0.002798 0.002226 0.001770
-166.400 0.990121 -0.235142 0.002842 0.002262 0.001798
-166.200 0.989829 -0.238534 0.002887 0.002297 0.001826
-166.000 0.989532 -0.241922 0.002931 0.002333 0.001855
-165.800 0.989231 -0.245307 0.002974 0.002366 0.001881
-165.600 0.988926 -0.248690 0.003019 0.002403 0.001910
-165.400 0.988616 -0.252070 0.003063 0.002438 0.001938
-165.200 0.988302 -0.255446 0.003108 0.002474 0.001967
-165.000 0.987984 -0.258819 0.003152 0.002509 0.001995
-164.800 0.987662 -0.262189 0.003196 0.002544 0.002023
-164.600 0.987335 -0.265556 0.003241 0.002580 0.002052
-164.400 0.987004 -0.268920 0.003286 0.002615 0.002080
-164.200 0.986669 -0.272280 0.003331 0.002651 0.002108
-164.000 0.986330 -0.275637 0.003376 0.002687 0.002137
-163.800 0.985986 -0.278991 0.003421 0.002723 0.002166
-163.600 0.985638 -0.282341 0.003466 0.002759 0.002194
-163.400 0.985286 -0.285689 0.003511 0.002795 0.002223
-163.200 0.984929 -0.289032 0.003557 0.002832 0.002252
-163.000 0.984569 -0.292372 0.003601 0.002867 0.002281
-162.800 0.984204 -0.295708 0.003648 0.002904 0.002310
-162.600 0.983835 -0.299041 0.003692 0.002940 0.002339
-162.400 0.983461 -0.302370 0.003738 0.002977 0.002368
-162.200 0.983084 -0.305695 0.003785 0.003014 0.002398
-162.000 0.982702 -0.309017 0.003830 0.003050 0.002426
-161.800 0.982316 -0.312335 0.003877 0.003087 0.002456
-161.600 0.981925 -0.315649 0.003923 0.003125 0.002486
-161.400 0.981531 -0.318959 0.003969 0.003161 0.002515
-161.200 0.981132 -0.322266 0.004016 0.003198 0.002545
-161.000 0.980729 -0.325568 0.004062 0.003235 0.002574
-160.800 0.980321 -0.328867 0.004108 0.003272 0.002603
-160.600 0.979910 -0.332161 0.004157 0.003311 0.002635
-160.400 0.979494 -0.335452 0.004202 0.003348 0.002664
-160.200 0.979074 -0.338738 0.004249 0.003385 0.002694
-160.000 0.978650 -0.342020 0.004296 0.003422 0.002724
-159.800 0.978221 -0.345298 0.004344 0.003461 0.002755
-159.600 0.977788 -0.348572 0.004391 0.003499 0.002785
-159.400 0.977351 -0.351842 0.004438 0.003536 0.002815
-159.200 0.976910 -0.355107 0.004486 0.003575 0.002846
-159.000 0.976464 -0.358368 0.004534 0.003613 0.002876
-158.800 0.976015 -0.361625 0.004582 0.003651 0.002907
-158.600 0.975561 -0.364877 0.004630 0.003690 0.002937
-158.400 0.975102 -0.368125 0.004678 0.003728 0.002968
-158.200 0.974640 -0.371368 0.004727 0.003767 0.003000
-158.000 0.974173 -0.374607 0.004775 0.003805 0.003030
-157.800 0.973703 -0.377841 0.004824 0.003845 0.003061
-157.600 0.973227 -0.381070 0.004872 0.003884 0.003093
-157.400 0.972748 -0.384295 0.004921 0.003923 0.003124
-157.200 0.972265 -0.387516 0.004970 0.003962 0.003155
-157.000 0.971777 -0.390731 0.005019 0.004001 0.003187
-156.800 0.971285 -0.393942 0.005069 0.004041 0.003219
-156.600 0.970789 -0.397148 0.005118 0.004081 0.003250
-156.400 0.970288 -0.400349 0.005168 0.004121 0.003283
-156.200 0.969783 -0.403545 0.005218 0.004161 0.003314
-156.000 0.969274 -0.406737 0.005268 0.004201 0.003346
-155.800 0.968761 -0.409923 0.005318 0.004241 0.003378
-155.600 0.968244 -0.413104 0.005367 0.004280 0.003410
-155.400 0.967723 -0.416281 0.005419 0.004322 0.003443
-155.200 0.967197 -0.419452 0.005470 0.004363 0.003476
-155.000 0.966667 -0.422618 0.005519 0.004402 0.003508
-154.800 0.966133 -0.425779 0.005570 0.004443 0.003541
-154.600 0.965594 -0.428935 0.005622 0.004485 0.003574
-154.400 0.965052 -0.432086 0.005673 0.004526 0.003607
-154.200 0.964505 -0.435231 0.005726 0.004568 0.003641
-154.000 0.963954 -0.438371 0.005775 0.004608 0.003673
-153.800 0.963399 -0.441506 0.005827 0.004650 0.003706
-153.600 0.962839 -0.444635 0.005880 0.004692 0.003740
-153.400 0.962276 -0.447759 0.005931 0.004733 0.003773
-153.200 0.961708 -0.450878 0.005984 0.004775 0.003807
-153.000 0.961136 -0.453991 0.006037 0.004818 0.003841
-152.800 0.960560 -0.457098 0.006088 0.004859 0.003875
-152.600 0.959979 -0.460200 0.006142 0.004902 0.003909
-152.400 0.959395 -0.463296 0.006196 0.004946 0.003944
-152.200 0.958806 -0.466387 0.006248 0.004988 0.003978
-152.000 0.958213 -0.469472 0.006301 0.005030 0.004012
-151.800 0.957616 -0.472551 0.006355 0.005073 0.004047
-151.600 0.957015 -0.475624 0.006408 0.005116 0.004081
-151.400 0.956409 -0.478692 0.006463 0.005161 0.004117
-151.200 0.955799 -0.481754 0.006517 0.005204 0.004152
-151.000 0.955185 -0.484810 0.006571 0.005247 0.004186
-150.800 0.954567 -0.487860 0.006626 0.005292 0.004222
-150.600 0.953945 -0.490904 0.006681 0.005336 0.004257
-150.400 0.953319 -0.493942 0.006735 0.005380 0.004293
-150.200 0.952688 -0.496974 0.006791 0.005425 0.004329
-150.000 0.952053 -0.500000 0.006845 0.005468 0.004364
-149.800 0.951414 -0.503020 0.006902 0.005514 0.004401
-149.600 0.950771 -0.506034 0.006958 0.005559 0.004437
-149.400 0.950124 -0.509042 0.007013 0.005604 0.004473
-149.200 0.949473 -0.512043 0.007070 0.005649 0.004510
-149.000 0.948817 -0.515038 0.007126 0.005695 0.004546
-148.800 0.948157 -0.518027 0.007182 0.005740 0.004583
-148.600 0.947493 -0.521010 0.007240 0.005786 0.004620
-148.400 0.946825 -0.523986 0.007297 0.005833 0.004657
-148.200 0.946153 -0.526956 0.007354 0.005878 0.004694
-148.000 0.945477 -0.529919 0.007412 0.005925 0.004732
-147.800 0.944796 -0.532876 0.007469 0.005972 0.004769
-147.600 0.944112 -0.535827 0.007527 0.006018 0.004806
-147.400 0.943423 -0.538771 0.007587 0.006066 0.004846
-147.200 0.942730 -0.541708 0.007644 0.006112 0.004883
-147.000 0.942033 -0.544639 0.007703 0.006160 0.004921
-146.800 0.941331 -0.547563 0.007762 0.006208 0.004960
-146.600 0.940626 -0.550481 0.007821 0.006256 0.004998
-146.400 0.939916 -0.553392 0.007881 0.006304 0.005038
-146.200 0.939203 -0.556296 0.007940 0.006352 0.005076
-146.000 0.938485 -0.559193 0.008000 0.006400 0.005115
-145.800 0.937763 -0.562083 0.008061 0.006450 0.005155
-145.600 0.937037 -0.564967 0.008121 0.006498 0.005194
-145.400 0.936307 -0.567844 0.008182 0.006547 0.005234
-145.200 0.935572 -0.570714 0.008243 0.006597 0.005274
-145.000 0.934834 -0.573576 0.008303 0.006645 0.005313
-144.800 0.934092 -0.576432 0.008366 0.006696 0.005354
-144.600 0.933345 -0.579281 0.008427 0.006745 0.005394
-144.400 0.932594 -0.582123 0.008490 0.006796 0.005435
-144.200 0.931839 -0.584958 0.008552 0.006846 0.005475
-144.000 0.931080 -0.587785 0.008615 0.006898 0.005517
-143.800 0.930317 -0.590606 0.008677 0.006948 0.005557
-143.600 0.929550 -0.593419 0.008740 0.006998 0.005598
-143.400 0.928779 -0.596225 0.008804 0.007051 0.005641
-143.200 0.928003 -0.599024 0.008868 0.007102 0.005682
-143.000 0.927224 -0.601815 0.008930 0.007153 0.005724
-142.800 0.926441 -0.604599 0.008996 0.007206 0.005767
-142.600 0.925653 -0.607376 0.009061 0.007259 0.005809
-142.400 0.924861 -0.610145 0.009124 0.007310 0.005851
-142.200 0.924065 -0.612907 0.009191 0.007364 0.005894
-142.000 0.923266 -0.615662 0.009257 0.007417 0.005938
-141.800 0.922462 -0.618408 0.009320 0.007469 0.005979
-141.600 0.921654 -0.621148 0.009388 0.007524 0.006024
-141.400 0.920842 -0.623880 0.009454 0.007577 0.006067
-141.200 0.920025 -0.626604 0.009520 0.007631 0.006111
-141.000 0.919205 -0.629320 0.009588 0.007687 0.006156
-140.800 0.918381 -0.632029 0.009654 0.007740 0.006199
-140.600 0.917553 -0.634730 0.009722 0.007795 0.006244
-140.400 0.916720 -0.637424 0.009791 0.007851 0.006289
-140.200 0.915884 -0.640110 0.009860 0.007907 0.006335
-140.000 0.915043 -0.642788 0.009926 0.007961 0.006378
-139.800 0.914199 -0.645458 0.009996 0.008018 0.006425
-139.600 0.913351 -0.648120 0.010064 0.008073 0.006469
-139.400 0.912498 -0.650774 0.010136 0.008131 0.006517
-139.200 0.911641 -0.653421 0.010204 0.008187 0.006562
-139.000 0.910781 -0.656059 0.010275 0.008244 0.006609
-138.800 0.909916 -0.658689 0.010347 0.008303 0.006656
-138.600 0.909047 -0.661312 0.010416 0.008359 0.006702
-138.400 0.908175 -0.663926 0.010487 0.008417 0.006749
-138.200 0.907298 -0.666533 0.010559 0.008475 0.006796
-138.000 0.906417 -0.669131 0.010631 0.008534 0.006844
-137.800 0.905533 -0.671721 0.010704 0.008593 0.006892
-137.600 0.904644 -0.674302 0.010775 0.008652 0.006940
-137.400 0.903751 -0.676876 0.010850 0.008713 0.006989
-137.200 0.902854 -0.679441 0.010922 0.008772 0.007037
-137.000 0.901954 -0.681998 0.010996 0.008832 0.007086
-136.800 0.901049 -0.684547 0.011070 0.008892 0.007136
-136.600 0.900140 -0.687087 0.011143 0.008952 0.007184
-136.400 0.899228 -0.689620 0.011221 0.009015 0.007236
-136.200 0.898311 -0.692143 0.011294 0.009075 0.007284
-136.000 0.897391 -0.694658 0.011371 0.009137 0.007335
-135.800 0.896466 -0.697165 0.011446 0.009199 0.007385
-135.600 0.895538 -0.699663 0.011521 0.009260 0.007435
-135.400 0.894605 -0.702153 0.011601 0.009325 0.007489
-135.200 0.893669 -0.704634 0.011677 0.009387 0.007539
-135.000 0.892728 -0.707107 0.011753 0.009449 0.007590
-134.800 0.891784 -0.709571 0.011832 0.009514 0.007642
-134.600 0.890836 -0.712026 0.011911 0.009579 0.007695
-134.400 0.889883 -0.714473 0.011990 0.009643 0.007748
-134.200 0.888927 -0.716911 0.012069 0.009708 0.007801
-134.000 0.887967 -0.719340 0.012148 0.009772 0.007853
-133.800 0.887003 -0.721760 0.012228 0.009838 0.007907
-133.600 0.886036 -0.724172 0.012308 0.009903 0.007960
-133.400 0.885064 -0.726575 0.012392 0.009971 0.008016
-133.200 0.884088 -0.728969 0.012471 0.010037 0.008069
-133.000 0.883108 -0.731354 0.012553 0.010103 0.008123
-132.800 0.882125 -0.733730 0.012634 0.010170 0.008178
-132.600 0.881137 -0.736097 0.012719 0.010239 0.008235
-132.400 0.880146 -0.738455 0.012800 0.010306 0.008289
-132.200 0.879151 -0.740805 0.012884 0.010375 0.008346
-132.000 0.878152 -0.743145 0.012970 0.010445 0.008403
-131.800 0.877149 -0.745476 0.013052 0.010512 0.008458
-131.600 0.876142 -0.747798 0.013138 0.010582 0.008516
-131.400 0.875132 -0.750111 0.013224 0.010653 0.008573
-131.200 0.874117 -0.752415 0.013309 0.010723 0.008631
-131.000 0.873099 -0.754710 0.013395 0.010794 0.008689
-130.800 0.872077 -0.756995 0.013483 0.010866 0.008748
-130.600 0.871051 -0.759271 0.013568 0.010935 0.008805
-130.400 0.870021 -0.761538 0.013658 0.011009 0.008865
-130.200 0.868987 -0.763796 0.013745 0.011081 0.008924
-130.000 0.867950 -0.766044 0.013834 0.011153 0.008983
-129.800 0.866908 -0.768283 0.013923 0.011227 0.009044
-129.600 0.865863 -0.770513 0.014013 0.011300 0.009104
-129.400 0.864814 -0.772734 0.014104 0.011376 0.009166
-129.200 0.863761 -0.774945 0.014193 0.011449 0.009226
-129.000 0.862705 -0.777146 0.014284 0.011524 0.009287
-128.800 0.861644 -0.779338 0.014377 0.011600 0.009350
-128.600 0.860580 -0.781520 0.014469 0.011676 0.009412
-128.400 0.859512 -0.783694 0.014562 0.011752 0.009475
-128.200 0.858441 -0.785857 0.014655 0.011828 0.009538
-128.000 0.857365 -0.788011 0.014749 0.011906 0.009601
-127.800 0.856286 -0.790155 0.014844 0.011984 0.009666
-127.600 0.855203 -0.792290 0.014939 0.012063 0.009730
-127.400 0.854116 -0.794415 0.015033 0.012140 0.009794
-127.200 0.853026 -0.796530 0.015129 0.012219 0.009859
-127.000 0.851932 -0.798636 0.015227 0.012300 0.009925
-126.800 0.850834 -0.800731 0.015322 0.012378 0.009990
-126.600 0.849732 -0.802818 0.015423 0.012461 0.010058
-126.400 0.848627 -0.804894 0.015519 0.012541 0.010124
-126.200 0.847518 -0.806960 0.015618 0.012622 0.010191
-126.000 0.846405 -0.809017 0.015717 0.012704 0.010258
-125.800 0.845289 -0.811064 0.015818 0.012787 0.010327
-125.600 0.844168 -0.813101 0.015919 0.012870 0.010395
-125.400 0.843045 -0.815128 0.016020 0.012954 0.010464
-125.200 0.841917 -0.817145 0.016122 0.013038 0.010533
-125.000 0.840786 -0.819152 0.016224 0.013122 0.010603
-124.800 0.839651 -0.821149 0.016325 0.013206 0.010672
-124.600 0.838513 -0.823136 0.016431 0.013294 0.010744
-124.400 0.837371 -0.825113 0.016536 0.013380 0.010815
-124.200 0.836225 -0.827081 0.016640 0.013466 0.010886
-124.000 0.835075 -0.829038 0.016746 0.013553 0.010959
-123.800 0.833922 -0.830984 0.016851 0.013641 0.011031
-123.600 0.832766 -0.832921 0.016959 0.013730 0.011105
-123.400 0.831605 -0.834848 0.017065 0.013818 0.011177
-123.200 0.830442 -0.836764 0.017174 0.013908 0.011252
-123.000 0.829274 -0.838671 0.017282 0.013997 0.011325
-122.800 0.828103 -0.840567 0.017392 0.014088 0.011401
-122.600 0.826929 -0.842452 0.017502 0.014180 0.011476
-122.400 0.825750 -0.844328 0.017613 0.014271 0.011552
-122.200 0.824569 -0.846193 0.017724 0.014363 0.011628
-122.000 0.823383 -0.848048 0.017837 0.014457 0.011706
-121.800 0.822194 -0.849893 0.017950 0.014550 0.011783
-121.600 0.821002 -0.851727 0.018063 0.014644 0.011861
-121.400 0.819806 -0.853551 0.018177 0.014739 0.011939
-121.200 0.818607 -0.855364 0.018293 0.014836 0.012019
-121.000 0.817404 -0.857167 0.018407 0.014930 0.012097
-120.800 0.816197 -0.858960 0.018523 0.015026 0.012178
-120.600 0.814987 -0.860742 0.018642 0.015125 0.012259
-120.400 0.813774 -0.862514 0.018759 0.015222 0.012340
-120.200 0.812557 -0.864275 0.018878 0.015321 0.012422
-120.000 0.811336 -0.866025 0.018997 0.015420 0.012504
-119.800 0.810113 -0.867765 0.019116 0.015519 0.012586
-119.600 0.808885 -0.869495 0.019238 0.015620 0.012670
-119.400 0.807654 -0.871214 0.019358 0.015720 0.012753
-119.200 0.806420 -0.872922 0.019482 0.015823 0.012839
-119.000 0.805182 -0.874620 0.019605 0.015926 0.012924
-118.800 0.803941 -0.876307 0.019730 0.016029 0.013010
-118.600 0.802697 -0.877983 0.019854 0.016132 0.013096
-118.400 0.801449 -0.879649 0.019979 0.016237 0.013182
-118.200 0.800198 -0.881303 0.020106 0.016342 0.013270
-118.000 0.798943 -0.882948 0.020232 0.016447 0.013357
-117.800 0.797685 -0.884581 0.020360 0.016554 0.013446
-117.600 0.796423 -0.886204 0.020490 0.016662 0.013536
-117.400 0.795159 -0.887815 0.020620 0.016771 0.013626
-117.200 0.793890 -0.889416 0.020749 0.016879 0.013717
-117.000 0.792619 -0.891007 0.020881 0.016989 0.013808
-116.800 0.791344 -0.892586 0.021013 0.017099 0.013900
-116.600 0.790066 -0.894154 0.021147 0.017210 0.013993
-116.400 0.788785 -0.895712 0.021278 0.017320 0.014084
-116.200 0.787500 -0.897258 0.021416 0.017435 0.014180
-116.000 0.786212 -0.898794 0.021549 0.017546 0.014273
-115.800 0.784920 -0.900319 0.021687 0.017662 0.014369
-115.600 0.783626 -0.901833 0.021824 0.017776 0.014465
-115.400 0.782328 -0.903335 0.021963 0.017893 0.014562
-115.200 0.781027 -0.904827 0.022102 0.018009 0.014659
-115.000 0.779722 -0.906308 0.022243 0.018126 0.014757
-114.800 0.778415 -0.907777 0.022383 0.018243 0.014855
-114.600 0.777104 -0.909236 0.022526 0.018363 0.014955
-114.400 0.775790 -0.910684 0.022669 0.018482 0.015054
-114.200 0.774473 -0.912120 0.022812 0.018603 0.015155
-114.000 0.773152 -0.913545 0.022958 0.018725 0.015257
-113.800 0.771829 -0.914960 0.023105 0.018848 0.015360
-113.600 0.770502 -0.916363 0.023249 0.018969 0.015461
-113.400 0.769172 -0.917755 0.023399 0.019094 0.015566
-113.200 0.767839 -0.919135 0.023548 0.019219 0.015671
-113.000 0.766503 -0.920505 0.023699 0.019345 0.015776
-112.800 0.765164 -0.921863 0.023847 0.019470 0.015880
-112.600 0.763821 -0.923210 0.024002 0.019600 0.015990
-112.400 0.762476 -0.924546 0.024152 0.019726 0.016095
-112.200 0.761127 -0.925871 0.024309 0.019858 0.016206
-112.000 0.759775 -0.927184 0.024461 0.019985 0.016313
-111.800 0.758420 -0.928486 0.024619 0.020118 0.016424
-111.600 0.757063 -0.929776 0.024777 0.020251 0.016535
-111.400 0.755702 -0.931056 0.024935 0.020384 0.016647
-111.200 0.754338 -0.932324 0.025094 0.020518 0.016759
-111.000 0.752971 -0.933580 0.025255 0.020653 0.016872
-110.800 0.751601 -0.934826 0.025414 0.020787 0.016985
-110.600 0.750228 -0.936060 0.025580 0.020926 0.017102
-110.400 0.748852 -0.937282 0.025743 0.021063 0.017217
-110.200 0.747473 -0.938493 0.025909 0.021203 0.017334
-110.000 0.746091 -0.939693 0.026075 0.021343 0.017452
-109.800 0.744706 -0.940881 0.026240 0.021482 0.017569
-109.600 0.743318 -0.942057 0.026411 0.021626 0.017690
-109.400 0.741928 -0.943223 0.026580 0.021769 0.017810
-109.200 0.740534 -0.944376 0.026751 0.021912 0.017931
-109.000 0.739138 -0.945519 0.026921 0.022056 0.018052
-108.800 0.737738 -0.946649 0.027097 0.022205 0.018177
-108.600 0.736336 -0.947768 0.027272 0.022352 0.018301
-108.400 0.734931 -0.948876 0.027445 0.022498 0.018424
-108.200 0.733523 -0.949972 0.027625 0.022650 0.018552
-108.000 0.732112 -0.951057 0.027802 0.022799 0.018678
-107.800 0.730698 -0.952129 0.027983 0.022952 0.018807
-107.600 0.729281 -0.953191 0.028164 0.023105 0.018936
-107.400 0.727862 -0.954240 0.028344 0.023257 0.019064
-107.200 0.726440 -0.955278 0.028529 0.023414 0.019197
-107.000 0.725015 -0.956305 0.028712 0.023569 0.019327
-106.800 0.723588 -0.957319 0.028898 0.023726 0.019460
-106.600 0.722157 -0.958323 0.029089 0.023887 0.019596
-106.400 0.720724 -0.959314 0.029275 0.024045 0.019730
-106.200 0.719288 -0.960294 0.029467 0.024208 0.019867
-106.000 0.717850 -0.961262 0.029658 0.024369 0.020004
-105.800 0.716408 -0.962218 0.029848 0.024530 0.020140
-105.600 0.714964 -0.963163 0.030047 0.024699 0.020282
-105.400 0.713518 -0.964095 0.030240 0.024863 0.020421
-105.200 0.712068 -0.965017 0.030438 0.025030 0.020563
-105.000 0.710617 -0.965926 0.030636 0.025199 0.020705
-104.800 0.709162 -0.966823 0.030836 0.025368 0.020849
-104.600 0.707705 -0.967709 0.031039 0.025541 0.020995
-104.400 0.706245 -0.968583 0.031241 0.025712 0.021140
-104.200 0.704783 -0.969445 0.031447 0.025886 0.021288
-104.000 0.703318 -0.970296 0.031652 0.026061 0.021436
-103.800 0.701850 -0.971134 0.031860 0.026237 0.021586
-103.600 0.700380 -0.971961 0.032069 0.026415 0.021737
-103.400 0.698908 -0.972776 0.032280 0.026595 0.021889
-103.200 0.697433 -0.973579 0.032492 0.026775 0.022042
-103.000 0.695955 -0.974370 0.032707 0.026958 0.022197
-102.800 0.694475 -0.975149 0.032921 0.027140 0.022352
-102.600 0.692993 -0.975917 0.033140 0.027326 0.022510
-102.400 0.691508 -0.976672 0.033356 0.027510 0.022666
-102.200 0.690020 -0.977416 0.033580 0.027701 0.022829
-102.000 0.688531 -0.978148 0.033799 0.027887 0.022987
-101.800 0.687038 -0.978867 0.034022 0.028078 0.023149
-101.600 0.685544 -0.979575 0.034251 0.028273 0.023315
-101.400 0.684047 -0.980271 0.034474 0.028463 0.023477
-101.200 0.682547 -0.980955 0.034708 0.028662 0.023646
-101.000 0.681046 -0.981627 0.034933 0.028855 0.023811
-100.800 0.679542 -0.982287 0.035167 0.029055 0.023981
-100.600 0.678035 -0.982935 0.035403 0.029256 0.024152
-100.400 0.676526 -0.983571 0.035637 0.029456 0.024323
-100.200 0.675015 -0.984196 0.035876 0.029660 0.024497
-100.000 0.673502 -0.984808 0.036114 0.029863 0.024670
-99.800 0.671987 -0.985408 0.036357 0.030071 0.024848
-99.600 0.670469 -0.985996 0.036600 0.030279 0.025025
-99.400 0.668949 -0.986572 0.036844 0.030488 0.025203
-99.200 0.667427 -0.987136 0.037093 0.030701 0.025385
-99.000 0.665902 -0.987688 0.037340 0.030913 0.025566
-98.800 0.664376 -0.988228 0.037590 0.031127 0.025749
-98.600 0.662847 -0.988756 0.037844 0.031344 0.025935
-98.400 0.661316 -0.989272 0.038099 0.031562 0.026121
-98.200 0.659784 -0.989776 0.038356 0.031782 0.026309
-98.000 0.658249 -0.990268 0.038613 0.032003 0.026498
-97.800 0.656711 -0.990748 0.038875 0.032228 0.026691
-97.600 0.655172 -0.991216 0.039138 0.032453 0.026883
-97.400 0.653631 -0.991671 0.039403 0.032680 0.027078
-97.200 0.652087 -0.992115 0.039670 0.032910 0.027275
-97.000 0.650542 -0.992546 0.039939 0.033141 0.027472
-96.800 0.648995 -0.992966 0.040209 0.033373 0.027672
-96.600 0.647445 -0.993373 0.040483 0.033608 0.027873
-96.400 0.645894 -0.993768 0.040759 0.033845 0.028077
-96.200 0.644341 -0.994151 0.041036 0.034084 0.028281
-96.000 0.642786 -0.994522 0.041315 0.034324 0.028488
-95.800 0.641228 -0.994881 0.041597 0.034567 0.028696
-95.600 0.639669 -0.995227 0.041884 0.034814 0.028908
-95.400 0.638108 -0.995562 0.042166 0.035057 0.029117
-95.200 0.636546 -0.995884 0.042461 0.035310 0.029334
-95.000 0.634981 -0.996195 0.042748 0.035558 0.029548
-94.800 0.633415 -0.996493 0.043040 0.035810 0.029764
-94.600 0.631846 -0.996779 0.043341 0.036069 0.029987
-94.400 0.630276 -0.997053 0.043634 0.036321 0.030204
-94.200 0.628704 -0.997315 0.043938 0.036584 0.030431
-94.000 0.627130 -0.997564 0.044240 0.036845 0.030655
-93.800 0.625555 -0.997801 0.044543 0.037106 0.030880
-93.600 0.623978 -0.998027 0.044855 0.037375 0.031112
-93.400 0.622399 -0.998240 0.045164 0.037642 0.031342
-93.200 0.620819 -0.998441 0.045480 0.037915 0.031578
-93.000 0.619236 -0.998630 0.045791 0.038184 0.031810
-92.800 0.617653 -0.998806 0.046111 0.038461 0.032049
-92.600 0.616067 -0.998971 0.046433 0.038739 0.032288
-92.400 0.614480 -0.999123 0.046755 0.039018 0.032529
-92.200 0.612891 -0.999263 0.047083 0.039302 0.032774
-92.000 0.611301 -0.999391 0.047407 0.039583 0.033018
-91.800 0.609709 -0.999507 0.047742 0.039873 0.033268
-91.600 0.608116 -0.999610 0.048077 0.040163 0.033519
-91.400 0.606521 -0.999701 0.048412 0.040454 0.033770
-91.200 0.604924 -0.999781 0.048754 0.040750 0.034027
-91.000 0.603327 -0.999848 0.049095 0.041046 0.034283
-90.800 0.601727 -0.999903 0.049438 0.041344 0.034541
-90.600 0.600126 -0.999945 0.049791 0.041650 0.034805
-90.400 0.598524 -0.999976 0.050138 0.041952 0.035067
-90.200 0.596921 -0.999994 0.050496 0.042262 0.035336
-90.000 0.595316 -1.000000 0.050850 0.042570 0.035603
-89.800 0.593709 -0.999994 0.051208 0.042882 0.035873
-89.600 0.592101 -0.999976 0.051577 0.043202 0.036151
-89.400 0.590492 -0.999945 0.051940 0.043518 0.036425
-89.200 0.588882 -0.999903 0.052312 0.043841 0.036706
-89.000 0.587270 -0.999848 0.052680 0.044162 0.036985
-88.800 0.585657 -0.999781 0.053054 0.044488 0.037268
-88.600 0.584043 -0.999701 0.053437 0.044822 0.037558
-88.400 0.582428 -0.999610 0.053817 0.045153 0.037846
-88.200 0.580811 -0.999507 0.054203 0.045489 0.038138
-88.000 0.579193 -0.999391 0.054591 0.045827 0.038432
-87.800 0.577574 -0.999263 0.054982 0.046168 0.038729
-87.600 0.575954 -0.999123 0.055379 0.046515 0.039031
-87.400 0.574333 -0.998971 0.055776 0.046862 0.039333
-87.200 0.572711 -0.998806 0.056179 0.047213 0.039639
-87.000 0.571087 -0.998630 0.056581 0.047565 0.039946
-86.800 0.569463 -0.998441 0.056993 0.047925 0.040260
-86.600 0.567837 -0.998240 0.057404 0.048284 0.040573
-86.400 0.566211 -0.998027 0.057820 0.048648 0.040890
-86.200 0.564583 -0.997801 0.058239 0.049015 0.041210
-86.000 0.562954 -0.997564 0.058661 0.049384 0.041533
-85.800 0.561325 -0.997314 0.059089 0.049759 0.041860
-85.600 0.559694 -0.997053 0.059519 0.050136 0.042189
-85.400 0.558063 -0.996779 0.059952 0.050515 0.042521
-85.200 0.556431 -0.996493 0.060393 0.050901 0.042859
-85.000 0.554797 -0.996195 0.060832 0.051287 0.043196
-84.800 0.553164 -0.995884 0.061276 0.051675 0.043536
-84.600 0.551529 -0.995562 0.061730 0.052074 0.043885
-84.400 0.549893 -0.995227 0.062181 0.052470 0.044232
-84.200 0.548256 -0.994881 0.062641 0.052874 0.044586
-84.000 0.546619 -0.994522 0.063098 0.053275 0.044938
-83.800 0.544981 -0.994151 0.063563 0.053685 0.045296
-83.600 0.543342 -0.993768 0.064038 0.054102 0.045662
-83.400 0.541703 -0.993373 0.064508 0.054516 0.046025
-83.200 0.540063 -0.992966 0.064985 0.054935 0.046393
-83.000 0.538422 -0.992546 0.065469 0.055361 0.046768
-82.800 0.536781 -0.992115 0.065954 0.055788 0.047142
-82.600 0.535139 -0.991671 0.066448 0.056223 0.047525
-82.400 0.533496 -0.991216 0.066937 0.056655 0.047904
-82.200 0.531853 -0.990748 0.067441 0.057099 0.048294
-82.000 0.530209 -0.990268 0.067945 0.057543 0.048685
-81.800 0.528565 -0.989776 0.068452 0.057990 0.049079
-81.600 0.526920 -0.989272 0.068966 0.058444 0.049478
-81.400 0.525275 -0.988756 0.069482 0.058900 0.049880
-81.200 0.523629 -0.988228 0.070007 0.059363 0.050288
-81.000 0.521983 -0.987688 0.070531 0.059826 0.050696
-80.800 0.520336 -0.987136 0.071067 0.060300 0.051113
-80.600 0.518689 -0.986572 0.071599 0.060771 0.051529
-80.400 0.517041 -0.985996 0.072141 0.061250 0.051952
-80.200 0.515394 -0.985408 0.072691 0.061737 0.052382
-80.000 0.513746 -0.984808 0.073237 0.062220 0.052809
-79.800 0.512097 -0.984196 0.073796 0.062716 0.053246
-79.600 0.510448 -0.983571 0.074359 0.063214 0.053686
-79.400 0.508800 -0.982935 0.074921 0.063713 0.054127
-79.200 0.507150 -0.982287 0.075497 0.064224 0.054579
-79.000 0.505501 -0.981627 0.076071 0.064732 0.055029
-78.800 0.503851 -0.980955 0.076653 0.065249 0.055487
-78.600 0.502201 -0.980271 0.077244 0.065774 0.055951
-78.400 0.500552 -0.979575 0.077833 0.066297 0.056415
-78.200 0.498901 -0.978867 0.078435 0.066832 0.056889
-78.000 0.497251 -0.978148 0.079034 0.067365 0.057361
-77.800 0.495601 -0.977416 0.079645 0.067908 0.057843
-77.600 0.493951 -0.976672 0.080264 0.068458 0.058331
-77.400 0.492301 -0.975917 0.080880 0.069007 0.058818
-77.200 0.490650 -0.975149 0.081509 0.069567 0.059316
-77.000 0.489000 -0.974370 0.082142 0.070131 0.059816
-76.800 0.487350 -0.973579 0.082775 0.070695 0.060318
-76.600 0.485699 -0.972776 0.083426 0.071275 0.060833
-76.400 0.484049 -0.971961 0.084073 0.071853 0.061347
-76.200 0.482399 -0.971134 0.084732 0.072440 0.061870
-76.000 0.480749 -0.970296 0.085390 0.073028 0.062393
-75.800 0.479099 -0.969445 0.086060 0.073626 0.062926
-75.600 0.477450 -0.968583 0.086735 0.074229 0.063463
-75.400 0.475801 -0.967709 0.087418 0.074839 0.064007
-75.200 0.474151 -0.966823 0.088104 0.075453 0.064554
-75.000 0.472503 -0.965926 0.088797 0.076073 0.065107
-74.800 0.470854 -0.965016 0.089500 0.076701 0.065668
-74.600 0.469206 -0.964095 0.090208 0.077336 0.066234
-74.400 0.467558 -0.963163 0.090915 0.077969 0.066800
-74.200 0.465910 -0.962218 0.091647 0.078625 0.067386
-74.000 0.464263 -0.961262 0.092365 0.079269 0.067962
-73.800 0.462616 -0.960294 0.093100 0.079928 0.068551
-73.600 0.460969 -0.959314 0.093848 0.080598 0.069151
-73.400 0.459323 -0.958323 0.094592 0.081267 0.069749
-73.200 0.457678 -0.957319 0.095353 0.081950 0.070361
-73.000 0.456033 -0.956305 0.096111 0.082631 0.070971
-72.800 0.454388 -0.955278 0.096879 0.083321 0.071589
-72.600 0.452744 -0.954240 0.097664 0.084027 0.072222
-72.400 0.451101 -0.953191 0.098446 0.084730 0.072853
-72.200 0.449458 -0.952129 0.099237 0.085442 0.073492
-72.000 0.447815 -0.951056 0.100041 0.086166 0.074141
-71.800 0.446174 -0.949972 0.100846 0.086891 0.074793
-71.600 0.444533 -0.948876 0.101666 0.087630 0.075457
-71.400 0.442893 -0.947768 0.102486 0.088369 0.076121
-71.200 0.441253 -0.946649 0.103316 0.089118 0.076795
-71.000 0.439614 -0.945519 0.104159 0.089879 0.077479
-70.800 0.437976 -0.944376 0.105007 0.090644 0.078168
-70.600 0.436339 -0.943223 0.105863 0.091417 0.078864
-70.400 0.434702 -0.942057 0.106727 0.092197 0.079567
-70.200 0.433067 -0.940881 0.107605 0.092991 0.080282
-70.000 0.431432 -0.939693 0.108477 0.093780 0.080994
-69.800 0.429798 -0.938493 0.109373 0.094591 0.081725
-69.600 0.428165 -0.937282 0.110273 0.095405 0.082460
-69.400 0.426533 -0.936060 0.111183 0.096230 0.083204
-69.200 0.424902 -0.934826 0.112097 0.097058 0.083953
-69.000 0.423272 -0.933580 0.113019 0.097894 0.084708
-68.800 0.421642 -0.932324 0.113960 0.098746 0.085479
-68.600 0.420014 -0.931056 0.114904 0.099603 0.086253
-68.400 0.418387 -0.929776 0.115852 0.100463 0.087032
-68.200 0.416761 -0.928486 0.116825 0.101347 0.087832
-68.000 0.415136 -0.927184 0.117786 0.102220 0.088623
-67.800 0.413513 -0.925871 0.118772 0.103116 0.089435
-67.600 0.411890 -0.924546 0.119771 0.104024 0.090258
-67.400 0.410269 -0.923210 0.120765 0.104929 0.091079
-67.200 0.408648 -0.921863 0.121782 0.105855 0.091919
-67.000 0.407029 -0.920505 0.122796 0.106778 0.092757
-66.800 0.405412 -0.919135 0.123831 0.107721 0.093614
-66.600 0.403795 -0.917755 0.124880 0.108676 0.094482
-66.400 0.402180 -0.916363 0.125927 0.109632 0.095351
-66.200 0.400566 -0.914960 0.126992 0.110603 0.096234
-66.000 0.398954 -0.913545 0.128067 0.111585 0.097127
-65.800 0.397343 -0.912120 0.129147 0.112571 0.098025
-65.600 0.395733 -0.910684 0.130247 0.113576 0.098941
-65.400 0.394125 -0.909236 0.131353 0.114587 0.099862
-65.200 0.392518 -0.907777 0.132475 0.115612 0.100797
-65.000 0.390913 -0.906308 0.133601 0.116643 0.101737
-64.800 0.389309 -0.904827 0.134738 0.117684 0.102687
-64.600 0.387707 -0.903335 0.135895 0.118743 0.103654
-64.400 0.386106 -0.901833 0.137059 0.119810 0.104629
-64.200 0.384507 -0.900319 0.138232 0.120886 0.105611
-64.000 0.382909 -0.898794 0.139419 0.121974 0.106606
-63.800 0.381313 -0.897258 0.140623 0.123079 0.107617
-63.600 0.379719 -0.895712 0.141835 0.124192 0.108635
-63.400 0.378127 -0.894154 0.143053 0.125311 0.109660
-63.200 0.376536 -0.892586 0.144294 0.126452 0.110705
-63.000 0.374947 -0.891007 0.145545 0.127601 0.111759
-62.800 0.373359 -0.889416 0.146808 0.128763 0.112824
-62.600 0.371774 -0.887815 0.148082 0.129936 0.113900
-62.400 0.370190 -0.886204 0.149366 0.131118 0.114985
-62.200 0.368608 -0.884581 0.150671 0.132321 0.116090
-62.000 0.367028 -0.882948 0.151986 0.133532 0.117203
-61.800 0.365450 -0.881303 0.153317 0.134760 0.118331
-61.600 0.363874 -0.879649 0.154654 0.135993 0.119466
-61.400 0.362299 -0.877983 0.156010 0.137246 0.120619
-61.200 0.360727 -0.876307 0.157380 0.138511 0.121783
-61.000 0.359157 -0.874620 0.158766 0.139792 0.122963
-60.800 0.357588 -0.872922 0.160166 0.141086 0.124155
-60.600 0.356022 -0.871214 0.161579 0.142393 0.125361
-60.400 0.354458 -0.869495 0.162999 0.143707 0.126574
-60.200 0.352895 -0.867765 0.164447 0.145048 0.127811
-60.000 0.351335 -0.866025 0.165905 0.146399 0.129058
-59.800 0.349777 -0.864275 0.167374 0.147761 0.130316
-59.600 0.348222 -0.862514 0.168857 0.149136 0.131588
-59.400 0.346668 -0.860742 0.170369 0.150539 0.132885
-59.200 0.345117 -0.858960 0.171882 0.151943 0.134185
-59.000 0.343568 -0.857167 0.173412 0.153365 0.135502
-58.800 0.342021 -0.855364 0.174969 0.154812 0.136841
-58.600 0.340476 -0.853551 0.176538 0.156270 0.138193
-58.400 0.338934 -0.851727 0.178117 0.157740 0.139556
-58.200 0.337394 -0.849893 0.179713 0.159225 0.140934
-58.000 0.335857 -0.848048 0.181331 0.160733 0.142333
-57.800 0.334321 -0.846193 0.182970 0.162260 0.143751
-57.600 0.332789 -0.844328 0.184617 0.163795 0.145178
-57.400 0.331258 -0.842452 0.186275 0.165343 0.146617
-57.200 0.329731 -0.840567 0.187971 0.166925 0.148089
-57.000 0.328205 -0.838671 0.189667 0.168509 0.149563
-56.800 0.326682 -0.836764 0.191387 0.170116 0.151060
-56.600 0.325162 -0.834848 0.193134 0.171749 0.152580
-56.400 0.323644 -0.832921 0.194879 0.173382 0.154103
-56.200 0.322129 -0.830984 0.196660 0.175048 0.155657
-56.000 0.320617 -0.829038 0.198449 0.176724 0.157221
-55.800 0.319107 -0.827081 0.200265 0.178425 0.158809
-55.600 0.317600 -0.825113 0.202099 0.180144 0.160415
-55.400 0.316095 -0.823136 0.203941 0.181873 0.162031
-55.200 0.314594 -0.821149 0.205821 0.183636 0.163680
-55.000 0.313094 -0.819152 0.207714 0.185414 0.165343
-54.800 0.311598 -0.817145 0.209612 0.187197 0.167013
-54.600 0.310105 -0.815128 0.211547 0.189016 0.168717
-54.400 0.308614 -0.813101 0.213497 0.190850 0.170436
-54.200 0.307126 -0.811064 0.215465 0.192703 0.172174
-54.000 0.305641 -0.809017 0.217464 0.194584 0.173939
-53.800 0.304159 -0.806960 0.219471 0.196476 0.175715
-53.600 0.302680 -0.804894 0.221509 0.198397 0.177519
-53.400 0.301204 -0.802817 0.223551 0.200323 0.179331
-53.200 0.299731 -0.800731 0.225645 0.202299 0.181188
-53.000 0.298261 -0.798635 0.227739 0.204276 0.183049
-52.800 0.296794 -0.796530 0.229858 0.206278 0.184934
-52.600 0.295329 -0.794415 0.232003 0.208306 0.186845
-52.400 0.293868 -0.792290 0.234164 0.210351 0.188772
-52.200 0.292410 -0.790155 0.236363 0.212432 0.190734
-52.000 0.290955 -0.788011 0.238567 0.214519 0.192704
-51.800 0.289504 -0.785857 0.240804 0.216639 0.194705
-51.600 0.288055 -0.783693 0.243063 0.218780 0.196729
-51.400 0.286610 -0.781520 0.245346 0.220947 0.198777
-51.200 0.285168 -0.779338 0.247656 0.223139 0.200850
-51.000 0.283729 -0.777146 0.249984 0.225351 0.202944
-50.800 0.282293 -0.774944 0.252339 0.227589 0.205063
-50.600 0.280861 -0.772734 0.254723 0.229855 0.207210
-50.400 0.279432 -0.770513 0.257121 0.232137 0.209374
-50.200 0.278006 -0.768284 0.259560 0.234460 0.211577
-50.000 0.276584 -0.766044 0.262012 0.236795 0.213794
-49.800 0.275165 -0.763796 0.264496 0.239164 0.216043
-49.600 0.273749 -0.761538 0.267002 0.241554 0.218315
-49.400 0.272337 -0.759271 0.269542 0.243977 0.220619
-49.200 0.270928 -0.756995 0.272100 0.246420 0.222943
-49.000 0.269523 -0.754710 0.274689 0.248895 0.225299
-48.800 0.268122 -0.752415 0.277307 0.251398 0.227683
-48.600 0.266723 -0.750111 0.279947 0.253924 0.230091
-48.400 0.265329 -0.747798 0.282616 0.256479 0.232528
-48.200 0.263938 -0.745476 0.285311 0.259060 0.234992
-48.000 0.262551 -0.743145 0.288042 0.261678 0.237491
-47.800 0.261167 -0.740805 0.290803 0.264326 0.240021
-47.600 0.259787 -0.738455 0.293580 0.266991 0.242569
-47.400 0.258410 -0.736097 0.296387 0.269687 0.245149
-47.200 0.257038 -0.733730 0.299236 0.272424 0.247769
-47.000 0.255669 -0.731354 0.302105 0.275182 0.250411
-46.800 0.254303 -0.728969 0.305009 0.277976 0.253088
-46.600 0.252942 -0.726575 0.307944 0.280802 0.255798
-46.400 0.251584 -0.724172 0.310899 0.283649 0.258531
-46.200 0.250230 -0.721760 0.313895 0.286536 0.261303
-46.000 0.248880 -0.719340 0.316910 0.289445 0.264098
-45.800 0.247534 -0.716911 0.319970 0.292398 0.266938
-45.600 0.246192 -0.714473 0.323064 0.295385 0.269811
-45.400 0.244853 -0.712026 0.326161 0.298380 0.272695
-45.200 0.243519 -0.709571 0.329320 0.301435 0.275637
-45.000 0.242189 -0.707107 0.332506 0.304517 0.278608
-44.800 0.240862 -0.704634 0.335716 0.307626 0.281607
-44.600 0.239540 -0.702153 0.338970 0.310778 0.284649
-44.400 0.238221 -0.699663 0.342227 0.313937 0.287701
-44.200 0.236907 -0.697165 0.345554 0.317164 0.290819
-44.000 0.235597 -0.694658 0.348903 0.320415 0.293963
-43.800 0.234290 -0.692143 0.352282 0.323699 0.297140
-43.600 0.232988 -0.689620 0.355683 0.327006 0.300343
-43.400 0.231690 -0.687088 0.359134 0.330362 0.303595
-43.200 0.230396 -0.684547 0.362630 0.333765 0.306894
-43.000 0.229107 -0.681998 0.366134 0.337179 0.310207
-42.800 0.227821 -0.679441 0.369694 0.340649 0.313575
-42.600 0.226540 -0.676876 0.373275 0.344143 0.316970
-42.400 0.225263 -0.674302 0.376893 0.347675 0.320404
-42.200 0.223991 -0.671721 0.380554 0.351251 0.323882
-42.000 0.222723 -0.669131 0.384252 0.354865 0.327401
-41.800 0.221459 -0.666532 0.387983 0.358514 0.330956
-41.600 0.220199 -0.663926 0.391735 0.362188 0.334537
-41.400 0.218944 -0.661312 0.395536 0.365911 0.338169
-41.200 0.217693 -0.658689 0.399397 0.369694 0.341861
-41.000 0.216446 -0.656059 0.403253 0.373477 0.345558
-40.800 0.215204 -0.653421 0.407175 0.377327 0.349320
-40.600 0.213967 -0.650774 0.411119 0.381201 0.353110
-40.400 0.212734 -0.648120 0.415119 0.385132 0.356958
-40.200 0.211505 -0.645458 0.419129 0.389078 0.360824
-40.000 0.210281 -0.642788 0.423196 0.393081 0.364748
-39.800 0.209062 -0.640110 0.427303 0.397126 0.368715
-39.600 0.207847 -0.637424 0.431443 0.401208 0.372722
-39.400 0.206636 -0.634731 0.435599 0.405309 0.376751
-39.200 0.205431 -0.632029 0.439831 0.409486 0.380857
-39.000 0.204229 -0.629320 0.444091 0.413694 0.384996
-38.800 0.203033 -0.626604 0.448372 0.417928 0.389164
-38.600 0.201841 -0.623880 0.452700 0.422209 0.393383
-38.400 0.200654 -0.621148 0.457067 0.426534 0.397646
-38.200 0.199472 -0.618408 0.461488 0.430914 0.401967
-38.000 0.198294 -0.615661 0.465937 0.435326 0.406323
-37.800 0.197121 -0.612907 0.470412 0.439767 0.410712
-37.600 0.195953 -0.610145 0.474941 0.444265 0.415159
-37.400 0.194790 -0.607376 0.479497 0.448794 0.419640
-37.200 0.193631 -0.604599 0.484100 0.453372 0.424174
-37.000 0.192478 -0.601815 0.488758 0.458008 0.428767
-36.800 0.191329 -0.599024 0.493428 0.462660 0.433381
-36.600 0.190185 -0.596225 0.498145 0.467363 0.438049
-36.400 0.189046 -0.593419 0.502894 0.472102 0.442757
-36.200 0.187912 -0.590606 0.507707 0.476907 0.447531
-36.000 0.186783 -0.587785 0.512537 0.481734 0.452333
-35.800 0.185659 -0.584958 0.517422 0.486619 0.457196
-35.600 0.184540 -0.582123 0.522299 0.491502 0.462063
-35.400 0.183426 -0.579281 0.527280 0.496490 0.467035
-35.200 0.182317 -0.576432 0.532268 0.501491 0.472025
-35.000 0.181213 -0.573576 0.537279 0.506519 0.477047
-34.800 0.180114 -0.570714 0.542354 0.511614 0.482139
-34.600 0.179020 -0.567844 0.547450 0.516736 0.487262
-34.400 0.177931 -0.564967 0.552602 0.521918 0.492448
-34.200 0.176847 -0.562083 0.557749 0.527100 0.497641
-34.000 0.175769 -0.559193 0.562995 0.532383 0.502937
-33.800 0.174695 -0.556296 0.568216 0.537649 0.508222
-33.600 0.173627 -0.553392 0.573519 0.542999 0.513595
-33.400 0.172564 -0.550481 0.578821 0.548356 0.518980
-33.200 0.171506 -0.547563 0.584188 0.553780 0.524436
-33.000 0.170454 -0.544639 0.589571 0.559227 0.529920
-32.800 0.169407 -0.541708 0.594989 0.564714 0.535449
-32.600 0.168365 -0.538771 0.600441 0.570241 0.541022
-32.400 0.167328 -0.535827 0.605937 0.575815 0.546649
-32.200 0.166297 -0.532876 0.611457 0.581420 0.552310
-32.000 0.165271 -0.529919 0.616998 0.587052 0.558005
-31.800 0.164250 -0.526956 0.622602 0.592751 0.563772
-31.600 0.163235 -0.523986 0.628195 0.598447 0.569542
-31.400 0.162225 -0.521010 0.633839 0.604198 0.575373
-31.200 0.161221 -0.518027 0.639513 0.609985 0.581244
-31.000 0.160221 -0.515038 0.645227 0.615817 0.587166
-30.800 0.159228 -0.512043 0.650934 0.621651 0.593097
-30.600 0.158240 -0.509041 0.656690 0.627539 0.599087
-30.400 0.157257 -0.506034 0.662484 0.633469 0.605126
-30.200 0.156280 -0.503020 0.668255 0.639386 0.611158
-30.000 0.155308 -0.500000 0.674096 0.645377 0.617270
-29.800 0.154342 -0.496974 0.679936 0.651374 0.623394
-29.600 0.153382 -0.493942 0.685796 0.657398 0.629552
-29.400 0.152427 -0.490904 0.691663 0.663436 0.635732
-29.200 0.151477 -0.487860 0.697598 0.669547 0.641988
-29.000 0.150534 -0.484810 0.703499 0.675634 0.648229
-28.800 0.149595 -0.481754 0.709429 0.681754 0.654510
-28.600 0.148663 -0.478692 0.715385 0.687908 0.660831
-28.400 0.147736 -0.475624 0.721340 0.694068 0.667166
-28.200 0.146815 -0.472551 0.727291 0.700232 0.673512
-28.000 0.145900 -0.469472 0.733320 0.706478 0.679945
-27.800 0.144990 -0.466387 0.739259 0.712645 0.686310
-27.600 0.144086 -0.463296 0.745279 0.718899 0.692765
-27.400 0.143187 -0.460200 0.751268 0.725129 0.699206
-27.200 0.142295 -0.457098 0.757258 0.731367 0.705662
-27.000 0.141408 -0.453990 0.763253 0.737619 0.712139
-26.800 0.140527 -0.450878 0.769238 0.743867 0.718621
-26.600 0.139652 -0.447759 0.775255 0.750155 0.725148
-26.400 0.138783 -0.444635 0.781211 0.756391 0.731633
-26.200 0.137919 -0.441506 0.787212 0.762676 0.738173
-26.000 0.137062 -0.438371 0.793144 0.768904 0.744665
-25.800 0.136210 -0.435231 0.799126 0.775186 0.751217
-25.600 0.135364 -0.432086 0.805017 0.781387 0.757699
-25.400 0.134524 -0.428935 0.810969 0.787654 0.764252
-25.200 0.133690 -0.425779 0.816840 0.793850 0.770744
-25.000 0.132862 -0.422618 0.822710 0.800052 0.777248
-24.800 0.132040 -0.419452 0.828551 0.806233 0.783739
-24.600 0.131224 -0.416281 0.834368 0.812397 0.790222
-24.400 0.130413 -0.413104 0.840142 0.818526 0.796676
-24.200 0.129609 -0.409923 0.845867 0.824614 0.803099
-24.000 0.128811 -0.406737 0.851596 0.830713 0.809539
-23.800 0.128019 -0.403545 0.857225 0.836720 0.815896
-23.600 0.127233 -0.400349 0.862870 0.842749 0.822283
-23.400 0.126452 -0.397148 0.868416 0.848688 0.828587
-23.200 0.125678 -0.393942 0.873904 0.854577 0.834849
-23.000 0.124910 -0.390731 0.879392 0.860471 0.841123
-22.800 0.124149 -0.387516 0.884756 0.866250 0.847291
-22.600 0.123393 -0.384295 0.890103 0.872017 0.853453
-22.400 0.122643 -0.381070 0.895388 0.877731 0.859569
-22.200 0.121900 -0.377841 0.900546 0.883324 0.865573
-22.000 0.121162 -0.374607 0.905675 0.888895 0.871561
-21.800 0.120431 -0.371368 0.910666 0.894335 0.877427
-21.600 0.119706 -0.368125 0.915664 0.899787 0.883310
-21.400 0.118988 -0.364877 0.920504 0.905089 0.889051
-21.200 0.118275 -0.361625 0.925267 0.910320 0.894727
-21.000 0.117569 -0.358368 0.929938 0.915464 0.900323
-20.800 0.116868 -0.355107 0.934466 0.920472 0.905790
-20.600 0.116175 -0.351842 0.938973 0.925463 0.911245
-20.400 0.115487 -0.348572 0.943281 0.930262 0.916515
-20.200 0.114806 -0.345298 0.947536 0.935013 0.921741
-20.000 0.114130 -0.342020 0.951627 0.939604 0.926815
-19.800 0.113462 -0.338738 0.955620 0.944103 0.931801
-19.600 0.112799 -0.335452 0.959412 0.948406 0.936597
-19.400 0.112143 -0.332161 0.963159 0.952666 0.941354
-19.200 0.111493 -0.328867 0.966731 0.956756 0.945946
-19.000 0.110850 -0.325568 0.970161 0.960708 0.950404
-18.800 0.110213 -0.322266 0.973376 0.964448 0.954656
-18.600 0.109582 -0.318959 0.976489 0.968089 0.958811
-18.400 0.108958 -0.315649 0.979469 0.971600 0.962840
-18.200 0.108340 -0.312335 0.982175 0.974840 0.966601
-18.000 0.107728 -0.309017 0.984819 0.978019 0.970304
-17.800 0.107123 -0.305695 0.987231 0.980968 0.973780
-17.600 0.106524 -0.302370 0.989403 0.983679 0.977019
-17.400 0.105932 -0.299041 0.991441 0.986256 0.980127
-17.200 0.105346 -0.295708 0.993270 0.988625 0.983027
-17.000 0.104767 -0.292372 0.994957 0.990852 0.985786
-16.800 0.104194 -0.289032 0.996303 0.992738 0.988207
-16.600 0.103627 -0.285688 0.997525 0.994499 0.990501
-16.400 0.103067 -0.282341 0.998481 0.995994 0.992529
-16.200 0.102514 -0.278991 0.999242 0.997292 0.994359
-16.000 0.101967 -0.275637 0.999709 0.998293 0.995892
-15.800 0.101427 -0.272280 1.000000 0.999116 0.997245
-15.600 0.100893 -0.268920 0.999999 0.999644 0.998300
-15.400 0.100365 -0.265556 0.999828 1.000000 0.999181
-15.200 0.099845 -0.262189 0.999271 0.999964 0.999667
-15.000 0.099330 -0.258819 0.998515 0.999726 0.999947
-14.800 0.098823 -0.255446 0.997542 0.999265 1.000000
-14.600 0.098322 -0.252069 0.996192 0.998423 0.999667
-14.400 0.097827 -0.248690 0.994595 0.997327 0.999075
-14.200 0.097339 -0.245307 0.992728 0.995954 0.998202
-14.000 0.096858 -0.241922 0.990551 0.994265 0.997005
-13.800 0.096383 -0.238533 0.988111 0.992306 0.995531
-13.600 0.095915 -0.235142 0.985332 0.989999 0.993702
-13.400 0.095454 -0.231748 0.982187 0.987317 0.991491
-13.200 0.094999 -0.228351 0.978856 0.984441 0.989077
-13.000 0.094551 -0.224951 0.975093 0.981123 0.986212
-12.800 0.094110 -0.221548 0.971041 0.977505 0.983038
-12.600 0.093675 -0.218143 0.966677 0.973565 0.979532
-12.400 0.093247 -0.214735 0.962017 0.969318 0.975707
-12.200 0.092825 -0.211325 0.956919 0.964621 0.971422
-12.000 0.092411 -0.207912 0.951554 0.959645 0.966846
-11.800 0.092003 -0.204496 0.945780 0.954246 0.961835
-11.600 0.091601 -0.201078 0.939691 0.948520 0.956483
-11.400 0.091207 -0.197657 0.933204 0.942381 0.950706
-11.200 0.090819 -0.194234 0.926477 0.935990 0.944663
-11.000 0.090438 -0.190809 0.919221 0.929053 0.938059
-10.800 0.090064 -0.187381 0.911741 0.921878 0.931203
-10.600 0.089696 -0.183951 0.903870 0.914295 0.923924
-10.400 0.089335 -0.180519 0.895539 0.906236 0.916152
-10.200 0.088981 -0.177085 0.886894 0.897847 0.908035
-10.000 0.088633 -0.173648 0.877869 0.889061 0.899504
-9.800 0.088293 -0.170209 0.868507 0.879921 0.890602
-9.600 0.087959 -0.166769 0.858696 0.870314 0.881214
-9.400 0.087632 -0.163326 0.848589 0.860393 0.871497
-9.200 0.087312 -0.159881 0.838030 0.850001 0.861289
-9.000 0.086998 -0.156434 0.827175 0.839295 0.850749
-8.800 0.086692 -0.152986 0.815820 0.828068 0.839669
-8.600 0.086392 -0.149535 0.804122 0.816481 0.828208
-8.400 0.086099 -0.146083 0.792177 0.804628 0.816466
-8.200 0.085813 -0.142629 0.779684 0.792205 0.804130
-8.000 0.085533 -0.139173 0.766828 0.779400 0.791393
-7.800 0.085261 -0.135716 0.753779 0.766384 0.778428
-7.600 0.084995 -0.132256 0.740110 0.752724 0.764795
-7.400 0.084736 -0.128796 0.726253 0.738859 0.750939
-7.200 0.084484 -0.125333 0.712020 0.724598 0.736666
-7.000 0.084239 -0.121869 0.697267 0.709793 0.721827
-6.800 0.084001 -0.118404 0.682339 0.694796 0.706779
-6.600 0.083769 -0.114937 0.666897 0.679261 0.691169
-6.400 0.083545 -0.111469 0.651290 0.663545 0.675362
-6.200 0.083327 -0.107999 0.635150 0.647274 0.658975
-6.000 0.083116 -0.104528 0.618859 0.630834 0.642403
-5.800 0.082912 -0.101056 0.602069 0.613872 0.625286
-5.600 0.082715 -0.097583 0.584961 0.596573 0.607812
-5.400 0.082525 -0.094108 0.567620 0.579023 0.590070
-5.200 0.082341 -0.090633 0.549950 0.561125 0.571960
-5.000 0.082165 -0.087156 0.531958 0.542886 0.553490
-4.800 0.081995 -0.083678 0.513599 0.524260 0.534613
-4.600 0.081833 -0.080199 0.495089 0.505469 0.515555
-4.400 0.081677 -0.076719 0.476071 0.486146 0.495943
-4.200 0.081528 -0.073238 0.457051 0.466811 0.476306
-4.000 0.081386 -0.069756 0.437671 0.447097 0.456273
-3.800 0.081251 -0.066274 0.417939 0.427012 0.435851
-3.600 0.081123 -0.062791 0.398050 0.406758 0.415244
-3.400 0.081002 -0.059306 0.377882 0.386208 0.394326
-3.200 0.080887 -0.055822 0.357524 0.365455 0.373191
-3.000 0.080780 -0.052336 0.336988 0.344510 0.351851
-2.800 0.080679 -0.048850 0.316204 0.323304 0.330235
-2.600 0.080586 -0.045363 0.295237 0.301902 0.308412
-2.400 0.080499 -0.041876 0.274125 0.280344 0.286421
-2.200 0.080420 -0.038388 0.252771 0.258533 0.264164
-2.000 0.080347 -0.034899 0.231323 0.236618 0.241795
-1.800 0.080281 -0.031411 0.209629 0.214447 0.219158
-1.600 0.080222 -0.027922 0.188059 0.192396 0.196637
-1.400 0.080170 -0.024432 0.166158 0.170002 0.173762
-1.200 0.080125 -0.020942 0.144131 0.147474 0.150744
-1.000 0.080087 -0.017452 0.122211 0.125052 0.127832
-0.800 0.080056 -0.013962 0.100080 0.102411 0.104692
-0.600 0.080031 -0.010472 0.077835 0.079650 0.081427
-0.400 0.080014 -0.006981 0.055653 0.056953 0.058225
-0.200 0.080004 -0.003491 0.033466 0.034248 0.035014
0.000 0.080000 0.000000 0.011121 0.011381 0.011635
