-179.800 0.013532 -0.000000 0.000000 -0.000000
-179.600 0.013532 0.000091 0.000072 0.000057
-179.400 0.013532 0.000151 0.000120 0.000096
-179.200 0.013531 0.000212 0.000169 0.000134
-179.000 0.013531 0.000273 0.000217 0.000172
-178.800 0.013531 0.000334 0.000265 0.000211
-178.600 0.013530 0.000394 0.000314 0.000249
-178.400 0.013530 0.000454 0.000362 0.000287
-178.200 0.013529 0.000515 0.000410 0.000326
-178.000 0.013528 0.000575 0.000458 0.000364
-177.800 0.013527 0.000637 0.000507 0.000403
-177.600 0.013527 0.000697 0.000554 0.000441
-177.400 0.013526 0.000758 0.000603 0.000480
-177.200 0.013525 0.000818 0.000651 0.000518
-177.000 0.013523 0.000880 0.000700 0.000557
-176.800 0.013522 0.000939 0.000748 0.000595
-176.600 0.013521 0.001001 0.000797 0.000633
-176.400 0.013520 0.001061 0.000845 0.000672
-176.200 0.013518 0.001123 0.000894 0.000711
-176.000 0.013517 0.001183 0.000941 0.000749
-175.800 0.013515 0.001244 0.000990 0.000787
-175.600 0.013514 0.001305 0.001039 0.000826
-175.400 0.013512 0.001366 0.001087 0.000865
-175.200 0.013510 0.001426 0.001135 0.000903
-175.000 0.013508 0.001488 0.001184 0.000942
-174.800 0.013506 0.001549 0.001233 0.000980
-174.600 0.013504 0.001609 0.001281 0.001019
-174.400 0.013502 0.001671 0.001330 0.001058
-174.200 0.013500 0.001732 0.001379 0.001097
-174.000 0.013498 0.001793 0.001427 0.001135
-173.800 0.013496 0.001854 0.001476 0.001174
-173.600 0.013493 0.001916 0.001525 0.001213
-173.400 0.013491 0.001977 0.001574 0.001252
-173.200 0.013488 0.002038 0.001623 0.001290
-173.000 0.013486 0.002100 0.001672 0.001329
-172.800 0.013483 0.002161 0.001721 0.001369
-172.600 0.013480 0.002223 0.001770 0.001407
-172.400 0.013477 0.002284 0.001818 0.001446
-172.200 0.013474 0.002346 0.001868 0.001486
-172.000 0.013471 0.002407 0.001917 0.001524
-171.800 0.013468 0.002469 0.001966 0.001564
-171.600 0.013465 0.002531 0.002015 0.001603
-171.400 0.013462 0.002593 0.002065 0.001642
-171.200 0.013459 0.002654 0.002113 0.001681
-171.000 0.013455 0.002717 0.002163 0.001721
-170.800 0.013452 0.002779 0.002213 0.001760
-170.600 0.013449 0.002841 0.002262 0.001800
-170.400 0.013445 0.002904 0.002312 0.001840
-170.200 0.013441 0.002964 0.002361 0.001878
-170.000 0.013438 0.003027 0.002411 0.001918
-169.800 0.013434 0.003090 0.002461 0.001958
-169.600 0.013430 0.003152 0.002510 0.001997
-169.400 0.013426 0.003215 0.002560 0.002037
-169.200 0.013422 0.003277 0.002610 0.002077
-169.000 0.013418 0.003340 0.002660 0.002117
-168.800 0.013414 0.003403 0.002710 0.002157
-168.600 0.013409 0.003465 0.002760 0.002196
-168.400 0.013405 0.003528 0.002810 0.002236
-168.200 0.013401 0.003591 0.002861 0.002277
-168.000 0.013396 0.003654 0.002911 0.002317
-167.800 0.013392 0.003717 0.002962 0.002357
-167.600 0.013387 0.003781 0.003012 0.002397
-167.400 0.013382 0.003844 0.003063 0.002437
-167.200 0.013378 0.003907 0.003113 0.002478
-167.000 0.013373 0.003971 0.003164 0.002518
-166.800 0.013368 0.004034 0.003214 0.002559
-166.600 0.013363 0.004099 0.003266 0.002600
-166.400 0.013358 0.004161 0.003316 0.002640
-166.200 0.013353 0.004226 0.003368 0.002681
-166.000 0.013347 0.004290 0.003419 0.002722
-165.800 0.013342 0.004353 0.003469 0.002762
-165.600 0.013337 0.004419 0.003522 0.002804
-165.400 0.013331 0.004482 0.003572 0.002844
-165.200 0.013326 0.004547 0.003624 0.002886
-165.000 0.013320 0.004611 0.003675 0.002927
-164.800 0.013315 0.004676 0.003728 0.002968
-164.600 0.013309 0.004740 0.003778 0.003009
-164.400 0.013303 0.004806 0.003832 0.003051
-164.200 0.013297 0.004870 0.003883 0.003092
-164.000 0.013291 0.004936 0.003936 0.003134
-163.800 0.013285 0.005000 0.003987 0.003175
-163.600 0.013279 0.005066 0.004039 0.003217
-163.400 0.013273 0.005131 0.004092 0.003259
-163.200 0.013267 0.005197 0.004144 0.003301
-163.000 0.013261 0.005262 0.004197 0.003343
-162.800 0.013254 0.005329 0.004250 0.003386
-162.600 0.013248 0.005394 0.004302 0.003427
-162.400 0.013241 0.005461 0.004355 0.003470
-162.200 0.013235 0.005527 0.004409 0.003513
-162.000 0.013228 0.005592 0.004461 0.003554
-161.800 0.013222 0.005660 0.004515 0.003598
-161.600 0.013215 0.005726 0.004568 0.003640
-161.400 0.013208 0.005792 0.004621 0.003683
-161.200 0.013201 0.005860 0.004675 0.003726
-161.000 0.013194 0.005928 0.004729 0.003769
-160.800 0.013187 0.005993 0.004782 0.003812
-160.600 0.013180 0.006062 0.004837 0.003856
-160.400 0.013173 0.006129 0.004891 0.003899
-160.200 0.013165 0.006197 0.004945 0.003942
-160.000 0.013158 0.006264 0.004999 0.003986
-159.800 0.013150 0.006333 0.005054 0.004030
-159.600 0.013143 0.006400 0.005109 0.004073
-159.400 0.013135 0.006469 0.005163 0.004117
-159.200 0.013128 0.006537 0.005218 0.004161
-159.000 0.013120 0.006605 0.005273 0.004205
-158.800 0.013112 0.006674 0.005328 0.004249
-158.600 0.013104 0.006743 0.005384 0.004294
-158.400 0.013097 0.006813 0.005440 0.004339
-158.200 0.013089 0.006881 0.005494 0.004383
-158.000 0.013081 0.006951 0.005551 0.004428
-157.800 0.013072 0.007020 0.005606 0.004473
-157.600 0.013064 0.007090 0.005662 0.004518
-157.400 0.013056 0.007161 0.005719 0.004563
-157.200 0.013048 0.007230 0.005775 0.004608
-157.000 0.013039 0.007300 0.005831 0.004653
-156.800 0.013031 0.007371 0.005888 0.004699
-156.600 0.013022 0.007442 0.005945 0.004744
-156.400 0.013014 0.007514 0.006003 0.004791
-156.200 0.013005 0.007583 0.006059 0.004836
-156.000 0.012996 0.007655 0.006117 0.004883
-155.800 0.012987 0.007726 0.006174 0.004928
-155.600 0.012979 0.007798 0.006232 0.004975
-155.400 0.012970 0.007870 0.006290 0.005022
-155.200 0.012961 0.007942 0.006348 0.005068
-155.000 0.012952 0.008014 0.006406 0.005115
-154.800 0.012942 0.008087 0.006465 0.005162
-154.600 0.012933 0.008159 0.006523 0.005209
-154.400 0.012924 0.008232 0.006582 0.005257
-154.200 0.012915 0.008305 0.006640 0.005304
-154.000 0.012905 0.008378 0.006700 0.005351
-153.800 0.012896 0.008452 0.006759 0.005399
-153.600 0.012886 0.008526 0.006818 0.005447
-153.400 0.012877 0.008600 0.006878 0.005495
-153.200 0.012867 0.008674 0.006938 0.005543
-153.000 0.012857 0.008748 0.006998 0.005592
-152.800 0.012847 0.008822 0.007058 0.005640
-152.600 0.012838 0.008897 0.007118 0.005689
-152.400 0.012828 0.008974 0.007180 0.005739
-152.200 0.012818 0.009048 0.007240 0.005787
-152.000 0.012808 0.009123 0.007301 0.005836
-151.800 0.012797 0.009199 0.007362 0.005885
-151.600 0.012787 0.009275 0.007423 0.005935
-151.400 0.012777 0.009352 0.007486 0.005986
-151.200 0.012767 0.009428 0.007547 0.006035
-151.000 0.012756 0.009505 0.007609 0.006085
-150.800 0.012746 0.009582 0.007671 0.006135
-150.600 0.012735 0.009659 0.007734 0.006186
-150.400 0.012725 0.009737 0.007797 0.006237
-150.200 0.012714 0.009814 0.007859 0.006287
-150.000 0.012703 0.009892 0.007922 0.006338
-149.800 0.012693 0.009971 0.007987 0.006390
-149.600 0.012682 0.010050 0.008050 0.006441
-149.400 0.012671 0.010128 0.008114 0.006493
-149.200 0.012660 0.010207 0.008178 0.006545
-149.000 0.012649 0.010287 0.008242 0.006597
-148.800 0.012638 0.010366 0.008306 0.006649
-148.600 0.012627 0.010446 0.008371 0.006701
-148.400 0.012615 0.010528 0.008437 0.006755
-148.200 0.012604 0.010606 0.008501 0.006806
-148.000 0.012593 0.010688 0.008567 0.006860
-147.800 0.012581 0.010770 0.008634 0.006914
-147.600 0.012570 0.010850 0.008698 0.006966
-147.400 0.012558 0.010933 0.008766 0.007021
-147.200 0.012547 0.011014 0.008832 0.007075
-147.000 0.012535 0.011097 0.008899 0.007129
-146.800 0.012523 0.011178 0.008965 0.007182
-146.600 0.012512 0.011262 0.009034 0.007238
-146.400 0.012500 0.011346 0.009101 0.007293
-146.200 0.012488 0.011428 0.009168 0.007347
-146.000 0.012476 0.011513 0.009237 0.007403
-145.800 0.012464 0.011597 0.009305 0.007459
-145.600 0.012452 0.011680 0.009373 0.007514
-145.400 0.012440 0.011767 0.009444 0.007571
-145.200 0.012427 0.011851 0.009512 0.007627
-145.000 0.012415 0.011935 0.009581 0.007682
-144.800 0.012403 0.012023 0.009652 0.007740
-144.600 0.012390 0.012109 0.009722 0.007798
-144.400 0.012378 0.012195 0.009792 0.007854
-144.200 0.012365 0.012283 0.009863 0.007912
-144.000 0.012353 0.012369 0.009934 0.007970
-143.800 0.012340 0.012456 0.010005 0.008027
-143.600 0.012328 0.012545 0.010077 0.008086
-143.400 0.012315 0.012634 0.010150 0.008145
-143.200 0.012302 0.012721 0.010220 0.008203
-143.000 0.012289 0.012810 0.010293 0.008262
-142.800 0.012276 0.012900 0.010367 0.008322
-142.600 0.012263 0.012990 0.010440 0.008382
-142.400 0.012250 0.013079 0.010513 0.008441
-142.200 0.012237 0.013170 0.010587 0.008502
-142.000 0.012224 0.013262 0.010662 0.008563
-141.800 0.012211 0.013351 0.010735 0.008622
-141.600 0.012198 0.013444 0.010811 0.008684
-141.400 0.012184 0.013537 0.010886 0.008746
-141.200 0.012171 0.013628 0.010961 0.008806
-141.000 0.012157 0.013721 0.011037 0.008869
-140.800 0.012144 0.013814 0.011113 0.008931
-140.600 0.012130 0.013907 0.011189 0.008993
-140.400 0.012117 0.014003 0.011268 0.009057
-140.200 0.012103 0.014096 0.011344 0.009120
-140.000 0.012089 0.014191 0.011421 0.009183
-139.800 0.012076 0.014287 0.011500 0.009247
-139.600 0.012062 0.014383 0.011578 0.009311
-139.400 0.012048 0.014479 0.011657 0.009376
-139.200 0.012034 0.014574 0.011735 0.009439
-139.000 0.012020 0.014673 0.011816 0.009505
-138.800 0.012006 0.014770 0.011896 0.009571
-138.600 0.011992 0.014867 0.011975 0.009636
-138.400 0.011978 0.014967 0.012057 0.009703
-138.200 0.011963 0.015064 0.012137 0.009768
-138.000 0.011949 0.015164 0.012219 0.009835
-137.800 0.011935 0.015263 0.012300 0.009902
-137.600 0.011921 0.015364 0.012383 0.009970
-137.400 0.011906 0.015465 0.012466 0.010038
-137.200 0.011892 0.015565 0.012548 0.010105
-137.000 0.011877 0.015667 0.012632 0.010174
-136.800 0.011862 0.015769 0.012715 0.010242
-136.600 0.011848 0.015872 0.012800 0.010312
-136.400 0.011833 0.015976 0.012886 0.010382
-136.200 0.011818 0.016076 0.012968 0.010450
-136.000 0.011804 0.016183 0.013056 0.010522
-135.800 0.011789 0.016287 0.013141 0.010592
-135.600 0.011774 0.016390 0.013227 0.010662
-135.400 0.011759 0.016499 0.013316 0.010735
-135.200 0.011744 0.016603 0.013402 0.010806
-135.000 0.011729 0.016710 0.013490 0.010878
-134.800 0.011714 0.016816 0.013577 0.010950
-134.600 0.011698 0.016926 0.013667 0.011024
-134.400 0.011683 0.017034 0.013756 0.011098
-134.200 0.011668 0.017141 0.013845 0.011171
-134.000 0.011653 0.017251 0.013935 0.011245
-133.800 0.011637 0.017361 0.014026 0.011320
-133.600 0.011622 0.017470 0.014116 0.011394
-133.400 0.011606 0.017583 0.014210 0.011471
-133.200 0.011591 0.017694 0.014301 0.011546
-133.000 0.011575 0.017804 0.014392 0.011621
-132.800 0.011560 0.017919 0.014487 0.011699
-132.600 0.011544 0.018032 0.014580 0.011776
-132.400 0.011528 0.018145 0.014673 0.011853
-132.200 0.011512 0.018259 0.014768 0.011931
-132.000 0.011497 0.018374 0.014863 0.012010
-131.800 0.011481 0.018489 0.014958 0.012088
-131.600 0.011465 0.018607 0.015055 0.012168
-131.400 0.011449 0.018724 0.015152 0.012249
-131.200 0.011433 0.018839 0.015247 0.012327
-131.000 0.011417 0.018959 0.015346 0.012409
-130.800 0.011401 0.019077 0.015444 0.012490
-130.600 0.011384 0.019195 0.015542 0.012571
-130.400 0.011368 0.019318 0.015643 0.012655
-130.200 0.011352 0.019437 0.015742 0.012736
-130.000 0.011336 0.019558 0.015843 0.012819
-129.800 0.011319 0.019679 0.015943 0.012902
-129.600 0.011303 0.019802 0.016045 0.012987
-129.400 0.011286 0.019927 0.016149 0.013073
-129.200 0.011270 0.020048 0.016249 0.013156
-129.000 0.011253 0.020174 0.016353 0.013242
-128.800 0.011237 0.020299 0.016457 0.013329
-128.600 0.011220 0.020423 0.016561 0.013414
-128.400 0.011204 0.020553 0.016668 0.013503
-128.200 0.011187 0.020680 0.016774 0.013591
-128.000 0.011170 0.020806 0.016878 0.013677
-127.800 0.011153 0.020936 0.016986 0.013767
-127.600 0.011136 0.021065 0.017094 0.013856
-127.400 0.011119 0.021195 0.017202 0.013946
-127.200 0.011102 0.021326 0.017310 0.014036
-127.000 0.011085 0.021458 0.017421 0.014128
-126.800 0.011068 0.021589 0.017529 0.014218
-126.600 0.011051 0.021725 0.017642 0.014312
-126.400 0.011034 0.021855 0.017751 0.014403
-126.200 0.011017 0.021993 0.017866 0.014498
-126.000 0.011000 0.022126 0.017977 0.014590
-125.800 0.010983 0.022263 0.018091 0.014685
-125.600 0.010965 0.022401 0.018206 0.014781
-125.400 0.010948 0.022537 0.018319 0.014875
-125.200 0.010931 0.022677 0.018436 0.014972
-125.000 0.010913 0.022816 0.018552 0.015069
-124.800 0.010896 0.022955 0.018668 0.015165
-124.600 0.010878 0.023097 0.018786 0.015264
-124.400 0.010861 0.023239 0.018905 0.015363
-124.200 0.010843 0.023382 0.019024 0.015462
-124.000 0.010825 0.023525 0.019144 0.015562
-123.800 0.010808 0.023670 0.019265 0.015663
-123.600 0.010790 0.023815 0.019386 0.015764
-123.400 0.010772 0.023961 0.019508 0.015866
-123.200 0.010754 0.024107 0.019631 0.015968
-123.000 0.010736 0.024254 0.019753 0.016071
-122.800 0.010719 0.024404 0.019879 0.016176
-122.600 0.010701 0.024554 0.020004 0.016280
-122.400 0.010683 0.024704 0.020130 0.016385
-122.200 0.010665 0.024855 0.020257 0.016491
-122.000 0.010647 0.025008 0.020384 0.016598
-121.800 0.010628 0.025161 0.020513 0.016705
-121.600 0.010610 0.025316 0.020643 0.016814
-121.400 0.010592 0.025468 0.020770 0.016921
-121.200 0.010574 0.025629 0.020905 0.017034
-121.000 0.010556 0.025781 0.021032 0.017140
-120.800 0.010537 0.025942 0.021167 0.017253
-120.600 0.010519 0.026100 0.021300 0.017365
-120.400 0.010501 0.026261 0.021435 0.017478
-120.200 0.010482 0.026422 0.021570 0.017591
-120.000 0.010464 0.026583 0.021705 0.017704
-119.800 0.010445 0.026745 0.021842 0.017818
-119.600 0.010427 0.026912 0.021982 0.017936
-119.400 0.010408 0.027074 0.022118 0.018051
-119.200 0.010390 0.027241 0.022259 0.018169
-119.000 0.010371 0.027407 0.022399 0.018286
-118.800 0.010352 0.027577 0.022542 0.018406
-118.600 0.010334 0.027746 0.022683 0.018525
-118.400 0.010315 0.027916 0.022827 0.018645
-118.200 0.010296 0.028087 0.022971 0.018767
-118.000 0.010277 0.028257 0.023114 0.018887
-117.800 0.010258 0.028434 0.023263 0.019012
-117.600 0.010240 0.028607 0.023409 0.019135
-117.400 0.010221 0.028784 0.023558 0.019260
-117.200 0.010202 0.028961 0.023707 0.019386
-117.000 0.010183 0.029138 0.023856 0.019512
-116.800 0.010164 0.029318 0.024008 0.019640
-116.600 0.010145 0.029499 0.024161 0.019768
-116.400 0.010125 0.029678 0.024312 0.019896
-116.200 0.010106 0.029863 0.024469 0.020028
-116.000 0.010087 0.030043 0.024621 0.020156
-115.800 0.010068 0.030231 0.024779 0.020290
-115.600 0.010049 0.030418 0.024938 0.020423
-115.400 0.010029 0.030604 0.025095 0.020556
-115.200 0.010010 0.030794 0.025255 0.020691
-115.000 0.009991 0.030984 0.025417 0.020827
-114.800 0.009971 0.031172 0.025576 0.020962
-114.600 0.009952 0.031369 0.025742 0.021102
-114.400 0.009933 0.031560 0.025904 0.021239
-114.200 0.009913 0.031757 0.026071 0.021380
-114.000 0.009894 0.031951 0.026235 0.021519
-113.800 0.009874 0.032150 0.026404 0.021662
-113.600 0.009855 0.032349 0.026573 0.021804
-113.400 0.009835 0.032549 0.026742 0.021947
-113.200 0.009815 0.032753 0.026915 0.022094
-113.000 0.009796 0.032954 0.027085 0.022238
-112.800 0.009776 0.033158 0.027259 0.022385
-112.600 0.009756 0.033365 0.027435 0.022534
-112.400 0.009737 0.033572 0.027610 0.022683
-112.200 0.009717 0.033781 0.027788 0.022834
-112.000 0.009697 0.033989 0.027965 0.022984
-111.800 0.009677 0.034201 0.028145 0.023136
-111.600 0.009657 0.034416 0.028327 0.023291
-111.400 0.009637 0.034628 0.028508 0.023444
-111.200 0.009618 0.034847 0.028694 0.023602
-111.000 0.009598 0.035062 0.028877 0.023758
-110.800 0.009578 0.035280 0.029062 0.023915
-110.600 0.009558 0.035502 0.029252 0.024076
-110.400 0.009538 0.035724 0.029441 0.024237
-110.200 0.009517 0.035947 0.029631 0.024398
-110.000 0.009497 0.036172 0.029823 0.024562
-109.800 0.009477 0.036398 0.030015 0.024725
-109.600 0.009457 0.036627 0.030210 0.024891
-109.400 0.009437 0.036858 0.030407 0.025059
-109.200 0.009417 0.037087 0.030603 0.025226
-109.000 0.009396 0.037319 0.030801 0.025394
-108.800 0.009376 0.037556 0.031003 0.025567
-108.600 0.009356 0.037792 0.031205 0.025738
-108.400 0.009336 0.038028 0.031407 0.025910
-108.200 0.009315 0.038270 0.031613 0.026086
-108.000 0.009295 0.038510 0.031819 0.026262
-107.800 0.009275 0.038754 0.032027 0.026440
-107.600 0.009254 0.038997 0.032235 0.026617
-107.400 0.009234 0.039244 0.032446 0.026797
-107.200 0.009213 0.039495 0.032661 0.026981
-107.000 0.009193 0.039742 0.032873 0.027162
-106.800 0.009172 0.039994 0.033088 0.027346
-106.600 0.009152 0.040249 0.033307 0.027533
-106.400 0.009131 0.040504 0.033525 0.027719
-106.200 0.009111 0.040762 0.033746 0.027909
-106.000 0.009090 0.041019 0.033967 0.028097
-105.800 0.009069 0.041282 0.034192 0.028290
-105.600 0.009049 0.041545 0.034418 0.028484
-105.400 0.009028 0.041807 0.034643 0.028677
-105.200 0.009007 0.042076 0.034874 0.028874
-105.000 0.008987 0.042346 0.035106 0.029073
-104.800 0.008966 0.042614 0.035336 0.029270
-104.600 0.008945 0.042887 0.035571 0.029472
-104.400 0.008924 0.043163 0.035808 0.029675
-104.200 0.008904 0.043440 0.036046 0.029879
-104.000 0.008883 0.043715 0.036283 0.030083
-103.800 0.008862 0.043999 0.036527 0.030292
-103.600 0.008841 0.044283 0.036772 0.030502
-103.400 0.008820 0.044566 0.037016 0.030712
-103.200 0.008799 0.044854 0.037263 0.030924
-103.000 0.008778 0.045142 0.037511 0.031138
-102.800 0.008757 0.045433 0.037762 0.031353
-102.600 0.008736 0.045728 0.038017 0.031572
-102.400 0.008715 0.046022 0.038270 0.031791
-102.200 0.008694 0.046323 0.038530 0.032014
-102.000 0.008673 0.046620 0.038787 0.032235
-101.800 0.008652 0.046921 0.039046 0.032458
-101.600 0.008631 0.047230 0.039313 0.032688
-101.400 0.008610 0.047534 0.039575 0.032915
-101.200 0.008589 0.047847 0.039846 0.033147
-101.000 0.008568 0.048154 0.040111 0.033377
-100.800 0.008547 0.048468 0.040383 0.033611
-100.600 0.008526 0.048788 0.040660 0.033850
-100.400 0.008504 0.049104 0.040933 0.034086
-100.200 0.008483 0.049425 0.041211 0.034326
-100.000 0.008462 0.049751 0.041494 0.034570
-99.800 0.008441 0.050072 0.041771 0.034810
-99.600 0.008420 0.050407 0.042061 0.035060
-99.400 0.008398 0.050733 0.042344 0.035305
-99.200 0.008377 0.051070 0.042636 0.035557
-99.000 0.008356 0.051405 0.042927 0.035809
-98.800 0.008335 0.051741 0.043218 0.036061
-98.600 0.008313 0.052085 0.043517 0.036319
-98.400 0.008292 0.052430 0.043816 0.036579
-98.200 0.008271 0.052775 0.044116 0.036839
-98.000 0.008249 0.053122 0.044417 0.037100
-97.800 0.008228 0.053479 0.044727 0.037369
-97.600 0.008206 0.053830 0.045033 0.037633
-97.400 0.008185 0.054189 0.045345 0.037904
-97.200 0.008164 0.054551 0.045660 0.038178
-97.000 0.008142 0.054910 0.045972 0.038449
-96.800 0.008121 0.055277 0.046292 0.038726
-96.600 0.008099 0.055647 0.046614 0.039006
-96.400 0.008078 0.056017 0.046936 0.039286
-96.200 0.008056 0.056397 0.047267 0.039573
-96.000 0.008035 0.056768 0.047591 0.039855
-95.800 0.008013 0.057148 0.047923 0.040144
-95.600 0.007992 0.057537 0.048261 0.040438
-95.400 0.007970 0.057922 0.048597 0.040731
-95.200 0.007949 0.058313 0.048939 0.041028
-95.000 0.007927 0.058700 0.049277 0.041323
-94.800 0.007906 0.059099 0.049625 0.041626
-94.600 0.007884 0.059501 0.049977 0.041932
-94.400 0.007863 0.059897 0.050323 0.042234
-94.200 0.007841 0.060305 0.050680 0.042545
-94.000 0.007820 0.060717 0.051040 0.042859
-93.800 0.007798 0.061123 0.051396 0.043170
-93.600 0.007776 0.061540 0.051761 0.043489
-93.400 0.007755 0.061960 0.052128 0.043810
-93.200 0.007733 0.062382 0.052497 0.044132
-93.000 0.007712 0.062806 0.052869 0.044457
-92.800 0.007690 0.063234 0.053244 0.044785
-92.600 0.007668 0.063666 0.053624 0.045117
-92.400 0.007647 0.064103 0.054007 0.045452
-92.200 0.007625 0.064543 0.054393 0.045790
-92.000 0.007603 0.064981 0.054778 0.046127
-91.800 0.007582 0.065431 0.055172 0.046473
-91.600 0.007560 0.065881 0.055568 0.046819
-91.400 0.007538 0.066332 0.055965 0.047167
-91.200 0.007517 0.066793 0.056369 0.047522
-91.000 0.007495 0.067250 0.056772 0.047875
-90.800 0.007473 0.067714 0.057180 0.048233
-90.600 0.007452 0.068188 0.057597 0.048599
-90.400 0.007430 0.068655 0.058008 0.048960
-90.200 0.007408 0.069136 0.058432 0.049332
-90.000 0.007386 0.069611 0.058850 0.049700
-89.800 0.007365 0.070095 0.059277 0.050075
-89.600 0.007343 0.070589 0.059712 0.050458
-89.400 0.007321 0.071075 0.060141 0.050835
-89.200 0.007300 0.071577 0.060584 0.051225
-89.000 0.007278 0.072072 0.061021 0.051610
-88.800 0.007256 0.072576 0.061467 0.052002
-88.600 0.007234 0.073089 0.061919 0.052401
-88.400 0.007213 0.073597 0.062369 0.052797
-88.200 0.007191 0.074117 0.062828 0.053202
-88.000 0.007169 0.074639 0.063289 0.053609
-87.800 0.007147 0.075161 0.063752 0.054017
-87.600 0.007126 0.075694 0.064223 0.054432
-87.400 0.007104 0.076230 0.064698 0.054851
-87.200 0.007082 0.076767 0.065173 0.055271
-87.000 0.007060 0.077309 0.065654 0.055696
-86.800 0.007039 0.077860 0.066142 0.056128
-86.600 0.007017 0.078412 0.066631 0.056560
-86.400 0.006995 0.078971 0.067127 0.056999
-86.200 0.006973 0.079532 0.067625 0.057440
-86.000 0.006952 0.080096 0.068125 0.057883
-85.800 0.006930 0.080670 0.068636 0.058334
-85.600 0.006908 0.081247 0.069148 0.058788
-85.400 0.006887 0.081825 0.069662 0.059244
-85.200 0.006865 0.082417 0.070188 0.059710
-85.000 0.006843 0.083003 0.070709 0.060173
-84.800 0.006821 0.083599 0.071239 0.060643
-84.600 0.006800 0.084206 0.071780 0.061122
-84.400 0.006778 0.084807 0.072315 0.061598
-84.200 0.006756 0.085425 0.072865 0.062086
-84.000 0.006735 0.086036 0.073410 0.062571
-83.800 0.006713 0.086657 0.073964 0.063063
-83.600 0.006691 0.087291 0.074529 0.063566
-83.400 0.006669 0.087918 0.075089 0.064064
-83.200 0.006648 0.088559 0.075661 0.064573
-83.000 0.006626 0.089205 0.076237 0.065086
-82.800 0.006604 0.089849 0.076813 0.065599
-82.600 0.006583 0.090510 0.077404 0.066125
-82.400 0.006561 0.091165 0.077989 0.066647
-82.200 0.006539 0.091836 0.078589 0.067182
-82.000 0.006518 0.092506 0.079189 0.067717
-81.800 0.006496 0.093183 0.079795 0.068258
-81.600 0.006475 0.093867 0.080408 0.068805
-81.400 0.006453 0.094559 0.081027 0.069358
-81.200 0.006431 0.095255 0.081652 0.069916
-81.000 0.006410 0.095953 0.082277 0.070476
-80.800 0.006388 0.096664 0.082915 0.071046
-80.600 0.006366 0.097379 0.083556 0.071620
-80.400 0.006345 0.098097 0.084201 0.072197
-80.200 0.006323 0.098831 0.084860 0.072786
-80.000 0.006302 0.099555 0.085511 0.073370
-79.800 0.006280 0.100298 0.086179 0.073968
-79.600 0.006259 0.101045 0.086850 0.074570
-79.400 0.006237 0.101795 0.087525 0.075175
-79.200 0.006216 0.102560 0.088213 0.075792
-79.000 0.006194 0.103321 0.088898 0.076408
-78.800 0.006173 0.104091 0.089592 0.077030
-78.600 0.006151 0.104880 0.090302 0.077668
-78.400 0.006130 0.105659 0.091005 0.078300
-78.200 0.006108 0.106458 0.091726 0.078948
-78.000 0.006087 0.107254 0.092444 0.079594
-77.800 0.006065 0.108059 0.093170 0.080247
-77.600 0.006044 0.108884 0.093914 0.080917
-77.400 0.006022 0.109696 0.094649 0.081578
-77.200 0.006001 0.110531 0.095403 0.082258
-77.000 0.005980 0.111366 0.096158 0.082938
-76.800 0.005958 0.112209 0.096921 0.083626
-76.600 0.005937 0.113062 0.097692 0.084322
-76.400 0.005916 0.113924 0.098472 0.085026
-76.200 0.005894 0.114790 0.099257 0.085734
-76.000 0.005873 0.115665 0.100050 0.086450
-75.800 0.005852 0.116545 0.100847 0.087171
-75.600 0.005830 0.117436 0.101655 0.087902
-75.400 0.005809 0.118338 0.102473 0.088641
-75.200 0.005788 0.119246 0.103297 0.089387
-75.000 0.005767 0.120156 0.104124 0.090135
-74.800 0.005746 0.121082 0.104965 0.090896
-74.600 0.005724 0.122014 0.105812 0.091664
-74.400 0.005703 0.122952 0.106665 0.092437
-74.200 0.005682 0.123908 0.107534 0.093224
-74.000 0.005661 0.124854 0.108396 0.094007
-73.800 0.005640 0.125823 0.109277 0.094807
-73.600 0.005619 0.126807 0.110173 0.095620
-73.400 0.005598 0.127779 0.111060 0.096425
-73.200 0.005577 0.128782 0.111974 0.097255
-73.000 0.005555 0.129773 0.112878 0.098078
-72.800 0.005534 0.130786 0.113802 0.098918
-72.600 0.005513 0.131814 0.114740 0.099771
-72.400 0.005492 0.132834 0.115672 0.100620
-72.200 0.005472 0.133878 0.116626 0.101488
-72.000 0.005451 0.134924 0.117582 0.102360
-71.800 0.005430 0.135979 0.118546 0.103239
-71.600 0.005409 0.137057 0.119533 0.104138
-71.400 0.005388 0.138123 0.120508 0.105029
-71.200 0.005367 0.139215 0.121509 0.105941
-71.000 0.005346 0.140314 0.122515 0.106860
-70.800 0.005325 0.141415 0.123524 0.107782
-70.600 0.005305 0.142537 0.124553 0.108723
-70.400 0.005284 0.143665 0.125588 0.109669
-70.200 0.005263 0.144803 0.126633 0.110625
-70.000 0.005242 0.145946 0.127683 0.111586
-69.800 0.005222 0.147112 0.128754 0.112566
-69.600 0.005201 0.148281 0.129828 0.113551
-69.400 0.005180 0.149463 0.130915 0.114546
-69.200 0.005160 0.150657 0.132014 0.115554
-69.000 0.005139 0.151852 0.133113 0.116563
-68.800 0.005119 0.153073 0.134237 0.117594
-68.600 0.005098 0.154297 0.135365 0.118630
-68.400 0.005078 0.155527 0.136499 0.119672
-68.200 0.005057 0.156789 0.137662 0.120741
-68.000 0.005037 0.158036 0.138814 0.121800
-67.800 0.005016 0.159308 0.139987 0.122879
-67.600 0.004996 0.160601 0.141181 0.123978
-67.400 0.004975 0.161886 0.142369 0.125072
-67.200 0.004955 0.163208 0.143590 0.126196
-67.000 0.004935 0.164515 0.144799 0.127311
-66.800 0.004914 0.165847 0.146032 0.128448
-66.600 0.004894 0.167201 0.147285 0.129604
-66.400 0.004874 0.168548 0.148533 0.130756
-66.200 0.004854 0.169925 0.149808 0.131933
-66.000 0.004834 0.171305 0.151088 0.133116
-65.800 0.004813 0.172697 0.152379 0.134309
-65.600 0.004793 0.174108 0.153689 0.135520
-65.400 0.004773 0.175535 0.155013 0.136745
-65.200 0.004753 0.176969 0.156346 0.137979
-65.000 0.004733 0.178416 0.157690 0.139224
-64.800 0.004713 0.179874 0.159046 0.140480
-64.600 0.004693 0.181357 0.160425 0.141758
-64.400 0.004673 0.182843 0.161808 0.143042
-64.200 0.004653 0.184350 0.163212 0.144344
-64.000 0.004634 0.185861 0.164620 0.145651
-63.800 0.004614 0.187402 0.166056 0.146985
-63.600 0.004594 0.188947 0.167497 0.148324
-63.400 0.004574 0.190505 0.168950 0.149675
-63.200 0.004554 0.192084 0.170424 0.151047
-63.000 0.004535 0.193681 0.171916 0.152434
-62.800 0.004515 0.195282 0.173412 0.153828
-62.600 0.004495 0.196905 0.174930 0.155242
-62.400 0.004476 0.198537 0.176457 0.156665
-62.200 0.004456 0.200192 0.178005 0.158109
-62.000 0.004437 0.201861 0.179568 0.159567
-61.800 0.004417 0.203548 0.181148 0.161042
-61.600 0.004398 0.205244 0.182738 0.162527
-61.400 0.004378 0.206954 0.184342 0.164026
-61.200 0.004359 0.208698 0.185978 0.165555
-61.000 0.004340 0.210442 0.187615 0.167087
-60.800 0.004320 0.212205 0.189271 0.168636
-60.600 0.004301 0.213987 0.190946 0.170205
-60.400 0.004282 0.215784 0.192635 0.171788
-60.200 0.004263 0.217601 0.194345 0.173390
-60.000 0.004243 0.219438 0.196074 0.175011
-59.800 0.004224 0.221285 0.197813 0.176643
-59.600 0.004205 0.223141 0.199563 0.178287
-59.400 0.004186 0.225040 0.201353 0.179967
-59.200 0.004167 0.226944 0.203148 0.181654
-59.000 0.004148 0.228852 0.204949 0.183349
-58.800 0.004129 0.230803 0.206792 0.185081
-58.600 0.004110 0.232760 0.208640 0.186821
-58.400 0.004092 0.234732 0.210505 0.188577
-58.200 0.004073 0.236726 0.212391 0.190354
-58.000 0.004054 0.238742 0.214298 0.192153
-57.800 0.004035 0.240781 0.216228 0.193973
-57.600 0.004017 0.242824 0.218164 0.195800
-57.400 0.003998 0.244896 0.220128 0.197655
-57.200 0.003979 0.246997 0.222120 0.199536
-57.000 0.003961 0.249096 0.224112 0.201420
-56.800 0.003942 0.251237 0.226145 0.203342
-56.600 0.003924 0.253383 0.228183 0.205271
-56.400 0.003905 0.255543 0.230237 0.207216
-56.200 0.003887 0.257747 0.232332 0.209200
-56.000 0.003869 0.259961 0.234439 0.211197
-55.800 0.003850 0.262194 0.236564 0.213213
-55.600 0.003832 0.264440 0.238704 0.215244
-55.400 0.003814 0.266719 0.240876 0.217306
-55.200 0.003796 0.269015 0.243066 0.219386
-55.000 0.003777 0.271337 0.245281 0.221491
-54.800 0.003759 0.273674 0.247512 0.223613
-54.600 0.003741 0.276040 0.249772 0.225763
-54.400 0.003723 0.278417 0.252044 0.227927
-54.200 0.003705 0.280825 0.254346 0.230120
-54.000 0.003687 0.283258 0.256675 0.232339
-53.800 0.003670 0.285711 0.259023 0.234578
-53.600 0.003652 0.288183 0.261391 0.236838
-53.400 0.003634 0.290674 0.263779 0.239119
-53.200 0.003616 0.293204 0.266205 0.241436
-53.000 0.003598 0.295746 0.268645 0.243768
-52.800 0.003581 0.298316 0.271112 0.246127
-52.600 0.003563 0.300902 0.273596 0.248505
-52.400 0.003546 0.303519 0.276112 0.250914
-52.200 0.003528 0.306165 0.278657 0.253351
-52.000 0.003511 0.308823 0.281216 0.255804
-51.800 0.003493 0.311514 0.283807 0.258290
-51.600 0.003476 0.314234 0.286427 0.260804
-51.400 0.003459 0.316962 0.289058 0.263331
-51.200 0.003441 0.319728 0.291726 0.265894
-51.000 0.003424 0.322523 0.294424 0.268488
-50.800 0.003407 0.325340 0.297145 0.271104
-50.600 0.003390 0.328178 0.299887 0.273744
-50.400 0.003373 0.331033 0.302648 0.276404
-50.200 0.003356 0.333940 0.305461 0.279113
-50.000 0.003339 0.336856 0.308284 0.281836
-49.800 0.003322 0.339803 0.311138 0.284589
-49.600 0.003305 0.342766 0.314011 0.287363
-49.400 0.003288 0.345765 0.316920 0.290173
-49.200 0.003272 0.348801 0.319866 0.293020
-49.000 0.003255 0.351845 0.322822 0.295879
-48.800 0.003238 0.354930 0.325820 0.298780
-48.600 0.003222 0.358038 0.328842 0.301706
-48.400 0.003205 0.361167 0.331887 0.304656
-48.200 0.003189 0.364335 0.334970 0.307645
-48.000 0.003172 0.367530 0.338082 0.310664
-47.800 0.003156 0.370748 0.341219 0.313709
-47.600 0.003139 0.373994 0.344385 0.316784
-47.400 0.003123 0.377262 0.347575 0.319884
-47.200 0.003107 0.380580 0.350815 0.323034
-47.000 0.003091 0.383910 0.354069 0.326201
-46.800 0.003075 0.387269 0.357353 0.329399
-46.600 0.003059 0.390667 0.360678 0.332637
-46.400 0.003042 0.394077 0.364017 0.335893
-46.200 0.003027 0.397538 0.367407 0.339200
-46.000 0.003011 0.401011 0.370813 0.342524
-45.800 0.002995 0.404531 0.374265 0.345895
-45.600 0.002979 0.408068 0.377737 0.349289
-45.400 0.002963 0.411622 0.381228 0.352704
-45.200 0.002947 0.415235 0.384779 0.356178
-45.000 0.002932 0.418866 0.388350 0.359675
-44.800 0.002916 0.422526 0.391952 0.363204
-44.600 0.002901 0.426222 0.395591 0.366772
-44.400 0.002885 0.429921 0.399238 0.370352
-44.200 0.002870 0.433689 0.402953 0.373998
-44.000 0.002854 0.437467 0.406682 0.377661
-43.800 0.002839 0.441275 0.410442 0.381357
-43.600 0.002824 0.445133 0.414253 0.385105
-43.400 0.002809 0.448993 0.418070 0.388864
-43.200 0.002794 0.452903 0.421939 0.392674
-43.000 0.002778 0.456836 0.425833 0.396513
-42.800 0.002763 0.460806 0.429767 0.400392
-42.600 0.002749 0.464813 0.433739 0.404312
-42.400 0.002734 0.468820 0.437716 0.408241
-42.200 0.002719 0.472901 0.441767 0.412244
-42.000 0.002704 0.476990 0.445829 0.416261
-41.800 0.002689 0.481108 0.449924 0.420314
-41.600 0.002675 0.485256 0.454050 0.424401
-41.400 0.002660 0.489448 0.458224 0.428536
-41.200 0.002645 0.493670 0.462430 0.432707
-41.000 0.002631 0.497913 0.466661 0.436906
-40.800 0.002616 0.502185 0.470924 0.441140
-40.600 0.002602 0.506494 0.475226 0.445415
-40.400 0.002588 0.510832 0.479561 0.449726
-40.200 0.002574 0.515207 0.483935 0.454079
-40.000 0.002559 0.519611 0.488342 0.458467
-39.800 0.002545 0.524043 0.492780 0.462889
-39.600 0.002531 0.528504 0.497250 0.467347
-39.400 0.002517 0.532983 0.501743 0.471832
-39.200 0.002503 0.537517 0.506292 0.476374
-39.000 0.002489 0.542069 0.510864 0.480944
-38.800 0.002475 0.546658 0.515476 0.485556
-38.600 0.002462 0.551255 0.520101 0.490186
-38.400 0.002448 0.555898 0.524774 0.494866
-38.200 0.002434 0.560576 0.529486 0.499589
-38.000 0.002421 0.565271 0.534219 0.504337
-37.800 0.002407 0.569991 0.538982 0.509119
-37.600 0.002394 0.574757 0.543793 0.513951
-37.400 0.002380 0.579537 0.548624 0.518808
-37.200 0.002367 0.584342 0.553483 0.523698
-37.000 0.002354 0.589191 0.558390 0.528638
-36.800 0.002340 0.594054 0.563316 0.533601
-36.600 0.002327 0.598939 0.568269 0.538596
-36.400 0.002314 0.603847 0.573249 0.543622
-36.200 0.002301 0.608810 0.578286 0.548709
-36.000 0.002288 0.613772 0.583329 0.553807
-35.800 0.002275 0.618766 0.588408 0.558944
-35.600 0.002262 0.623781 0.593512 0.564112
-35.400 0.002250 0.628815 0.598640 0.569309
-35.200 0.002237 0.633891 0.603815 0.574555
-35.000 0.002224 0.638962 0.608990 0.579808
-34.800 0.002212 0.644098 0.614234 0.585132
-34.600 0.002199 0.649215 0.619465 0.590451
-34.400 0.002187 0.654348 0.624717 0.595795
-34.200 0.002174 0.659533 0.630025 0.601198
-34.000 0.002162 0.664719 0.635341 0.606615
-33.800 0.002150 0.669932 0.640687 0.612068
-33.600 0.002138 0.675158 0.646052 0.617545
-33.400 0.002125 0.680382 0.651422 0.623031
-33.200 0.002113 0.685656 0.656845 0.628576
-33.000 0.002101 0.690940 0.662284 0.634142
-32.800 0.002089 0.696205 0.667711 0.639702
-32.600 0.002078 0.701519 0.673190 0.645319
-32.400 0.002066 0.706811 0.678655 0.650929
-32.200 0.002054 0.712150 0.684171 0.656594
-32.000 0.002042 0.717479 0.689684 0.662261
-31.800 0.002031 0.722825 0.695219 0.667957
-31.600 0.002019 0.728173 0.700761 0.673665
-31.400 0.002008 0.733535 0.706324 0.679400
-31.200 0.001996 0.738881 0.711877 0.685132
-31.000 0.001985 0.744254 0.717462 0.690900
-30.800 0.001974 0.749623 0.723050 0.696678
-30.600 0.001963 0.754986 0.728637 0.702461
-30.400 0.001951 0.760373 0.734254 0.708280
-30.200 0.001940 0.765720 0.739838 0.714072
-30.000 0.001929 0.771104 0.745464 0.719911
-29.800 0.001918 0.776443 0.751052 0.725721
-29.600 0.001908 0.781809 0.756673 0.731567
-29.400 0.001897 0.787151 0.762276 0.737403
-29.200 0.001886 0.792491 0.767883 0.743249
-29.000 0.001875 0.797813 0.773478 0.749089
-28.800 0.001865 0.803130 0.779074 0.754937
-28.600 0.001854 0.808423 0.784653 0.760774
-28.400 0.001844 0.813708 0.790230 0.766615
-28.200 0.001833 0.818956 0.795777 0.772432
-28.000 0.001823 0.824211 0.801335 0.778267
-27.800 0.001813 0.829424 0.806859 0.784074
-27.600 0.001803 0.834621 0.812372 0.789877
-27.400 0.001792 0.839781 0.817855 0.795656
-27.200 0.001782 0.844930 0.823333 0.801436
-27.000 0.001772 0.850028 0.828766 0.807178
-26.800 0.001763 0.855101 0.834180 0.812907
-26.600 0.001753 0.860127 0.839553 0.818602
-26.400 0.001743 0.865143 0.844922 0.824298
-26.200 0.001733 0.870087 0.850226 0.829935
-26.000 0.001724 0.874996 0.855500 0.835549
-25.800 0.001714 0.879879 0.860753 0.841148
-25.600 0.001705 0.884680 0.865930 0.846678
-25.400 0.001695 0.889460 0.871092 0.852198
-25.200 0.001686 0.894150 0.876171 0.857641
-25.000 0.001676 0.898827 0.881240 0.863080
-24.800 0.001667 0.903407 0.886220 0.868436
-24.600 0.001658 0.907945 0.891162 0.873760
-24.400 0.001649 0.912404 0.896030 0.879016
-24.200 0.001640 0.916803 0.900843 0.884222
-24.000 0.001631 0.921127 0.905587 0.889364
-23.800 0.001622 0.925386 0.910270 0.894451
-23.600 0.001613 0.929538 0.914853 0.899443
-23.400 0.001605 0.933631 0.919380 0.904384
-23.200 0.001596 0.937635 0.923823 0.909247
-23.000 0.001588 0.941548 0.928179 0.914027
-22.800 0.001579 0.945379 0.932456 0.918734
-22.600 0.001571 0.949084 0.936613 0.923325
-22.400 0.001562 0.952740 0.940723 0.927872
-22.200 0.001554 0.956235 0.944679 0.932270
-22.000 0.001546 0.959675 0.948580 0.936618
-21.800 0.001538 0.962973 0.952345 0.940833
-21.600 0.001529 0.966167 0.956007 0.944950
-21.400 0.001521 0.969239 0.959551 0.948952
-21.200 0.001514 0.972185 0.962972 0.952834
-21.000 0.001506 0.975029 0.966294 0.956620
-20.800 0.001498 0.977725 0.969469 0.960262
-20.600 0.001490 0.980283 0.972509 0.963772
-20.400 0.001483 0.982728 0.975437 0.967172
-20.200 0.001475 0.984997 0.978191 0.970401
-20.000 0.001467 0.987145 0.980825 0.973512
-19.800 0.001460 0.989153 0.983321 0.976485
-19.600 0.001453 0.990971 0.985627 0.979271
-19.400 0.001445 0.992657 0.987801 0.981926
-19.200 0.001438 0.994174 0.989808 0.984414
-19.000 0.001431 0.995535 0.991657 0.986746
-18.800 0.001424 0.996720 0.993330 0.988901
-18.600 0.001417 0.997706 0.994804 0.990858
-18.400 0.001410 0.998557 0.996142 0.992677
-18.200 0.001403 0.999201 0.997271 0.994288
-18.000 0.001396 0.999668 0.998221 0.995718
-17.800 0.001390 0.999918 0.998953 0.996929
-17.600 0.001383 1.000000 0.999514 0.997968
-17.400 0.001377 0.999856 0.999847 0.998776
-17.200 0.001370 0.999536 1.000000 0.999402
-17.000 0.001364 0.998999 0.999933 0.999806
-16.800 0.001357 0.998260 0.999660 1.000000
-16.600 0.001351 0.997277 0.999140 0.999943
-16.400 0.001345 0.996082 0.998403 0.999667
-16.200 0.001339 0.994673 0.997447 0.999166
-16.000 0.001333 0.993025 0.996247 0.998417
-15.800 0.001327 0.991154 0.994818 0.997435
-15.600 0.001321 0.989037 0.993137 0.996195
-15.400 0.001315 0.986709 0.991238 0.994732
-15.200 0.001309 0.984086 0.989039 0.992961
-15.000 0.001304 0.981265 0.986634 0.990979
-14.800 0.001298 0.978162 0.983939 0.988699
-14.600 0.001292 0.974792 0.980969 0.986138
-14.400 0.001287 0.971214 0.977784 0.983353
-14.200 0.001282 0.967321 0.974274 0.980236
-14.000 0.001276 0.963192 0.970521 0.976866
-13.800 0.001271 0.958784 0.966477 0.973198
-13.600 0.001266 0.954112 0.962161 0.969248
-13.400 0.001261 0.949176 0.957570 0.965013
-13.200 0.001256 0.943927 0.952657 0.960445
-13.000 0.001251 0.938430 0.947483 0.955607
-12.800 0.001246 0.932636 0.942002 0.950452
-12.600 0.001241 0.926566 0.936233 0.944997
-12.400 0.001237 0.920218 0.930175 0.939241
-12.200 0.001232 0.913567 0.923800 0.933157
-12.000 0.001227 0.906609 0.917107 0.926742
-11.800 0.001223 0.899391 0.910140 0.920040
-11.600 0.001218 0.891862 0.902850 0.913003
-11.400 0.001214 0.884022 0.895235 0.905627
-11.200 0.001210 0.875917 0.887341 0.897960
-11.000 0.001206 0.867473 0.879094 0.889925
-10.800 0.001202 0.858786 0.870591 0.881620
-10.600 0.001198 0.849735 0.861707 0.872919
-10.400 0.001194 0.840439 0.852565 0.863947
-10.200 0.001190 0.830801 0.843065 0.854602
-10.000 0.001186 0.820895 0.833282 0.844958
-9.800 0.001182 0.810671 0.823166 0.834966
-9.600 0.001178 0.800153 0.812741 0.824650
-9.400 0.001175 0.789344 0.802008 0.814010
-9.200 0.001171 0.778192 0.790916 0.802994
-9.000 0.001168 0.766800 0.779569 0.791710
-8.800 0.001165 0.755067 0.767865 0.780050
-8.600 0.001161 0.743073 0.755883 0.768097
-8.400 0.001158 0.730766 0.743572 0.755798
-8.200 0.001155 0.718174 0.730960 0.743183
-8.000 0.001152 0.705300 0.718049 0.730253
-7.800 0.001149 0.692120 0.704816 0.716983
-7.600 0.001146 0.678690 0.691317 0.703431
-7.400 0.001143 0.664959 0.677500 0.689545
-7.200 0.001140 0.650929 0.663368 0.675327
-7.000 0.001138 0.636686 0.649008 0.660866
-6.800 0.001135 0.622097 0.634285 0.646024
-6.600 0.001133 0.607304 0.619342 0.630947
-6.400 0.001130 0.592227 0.604099 0.615555
-6.200 0.001128 0.576899 0.588590 0.599880
-6.000 0.001125 0.561296 0.572790 0.583898
-5.800 0.001123 0.545480 0.556762 0.567674
-5.600 0.001121 0.529399 0.540454 0.551154
-5.400 0.001119 0.513115 0.523929 0.534404
-5.200 0.001117 0.496549 0.507107 0.517339
-5.000 0.001115 0.479821 0.490109 0.500087
-4.800 0.001113 0.462822 0.472826 0.482534
-4.600 0.001111 0.445616 0.455322 0.464746
-4.400 0.001110 0.428238 0.437635 0.446763
-4.200 0.001108 0.410668 0.419742 0.428561
-4.000 0.001106 0.392851 0.401590 0.410086
-3.800 0.001105 0.374915 0.383307 0.391470
-3.600 0.001104 0.356747 0.364780 0.372597
-3.400 0.001102 0.338475 0.346139 0.353600
-3.200 0.001101 0.319986 0.327270 0.334363
-3.000 0.001100 0.301379 0.308273 0.314989
-2.800 0.001099 0.282601 0.289095 0.295425
-2.600 0.001098 0.263721 0.269807 0.275741
-2.400 0.001097 0.244717 0.250388 0.255917
-2.200 0.001096 0.225538 0.230783 0.235900
-2.000 0.001095 0.206313 0.211127 0.215824
-1.800 0.001094 0.186990 0.191367 0.195638
-1.600 0.001094 0.167518 0.171450 0.175287
-1.400 0.001093 0.148028 0.151510 0.154909
-1.200 0.001093 0.128405 0.131433 0.134388
-1.000 0.001092 0.108783 0.111352 0.113861
-0.800 0.001092 0.089078 0.091185 0.093243
-0.600 0.001092 0.069300 0.070941 0.072544
-0.400 0.001091 0.049550 0.050724 0.051871
-0.200 0.001091 0.029715 0.030420 0.031108
0.000 0.001091 0.009927 0.010162 0.010392
0.200 0.001091 -0.009927 -0.010162 -0.010392
0.400 0.001091 -0.029715 -0.030420 -0.031108
0.600 0.001092 -0.049550 -0.050724 -0.051871
0.800 0.001092 -0.069300 -0.070941 -0.072544
1.000 0.001092 -0.089078 -0.091185 -0.093243
1.200 0.001093 -0.108783 -0.111352 -0.113861
1.400 0.001093 -0.128405 -0.131433 -0.134388
1.600 0.001094 -0.148028 -0.151510 -0.154909
1.800 0.001094 -0.167518 -0.171450 -0.175287
2.000 0.001095 -0.186990 -0.191367 -0.195638
2.200 0.001096 -0.206313 -0.211127 -0.215824
2.400 0.001097 -0.225538 -0.230783 -0.235900
2.600 0.001098 -0.244717 -0.250388 -0.255917
2.800 0.001099 -0.263721 -0.269807 -0.275741
3.000 0.001100 -0.282601 -0.289095 -0.295425
3.200 0.001101 -0.301379 -0.308273 -0.314989
3.400 0.001102 -0.319986 -0.327270 -0.334363
3.600 0.001104 -0.338475 -0.346139 -0.353600
3.800 0.001105 -0.356747 -0.364780 -0.372597
4.000 0.001106 -0.374915 -0.383307 -0.391470
4.200 0.001108 -0.392851 -0.401590 -0.410086
4.400 0.001110 -0.410668 -0.419742 -0.428561
4.600 0.001111 -0.428238 -0.437635 -0.446763
4.800 0.001113 -0.445616 -0.455322 -0.464746
5.000 0.001115 -0.462822 -0.472826 -0.482534
5.200 0.001117 -0.479821 -0.490109 -0.500087
5.400 0.001119 -0.496549 -0.507107 -0.517339
5.600 0.001121 -0.513115 -0.523929 -0.534404
5.800 0.001123 -0.529399 -0.540454 -0.551154
6.000 0.001125 -0.545480 -0.556762 -0.567674
6.200 0.001128 -0.561296 -0.572790 -0.583898
6.400 0.001130 -0.576899 -0.588590 -0.599880
6.600 0.001133 -0.592227 -0.604099 -0.615555
6.800 0.001135 -0.607304 -0.619342 -0.630947
7.000 0.001138 -0.622097 -0.634285 -0.646024
7.200 0.001140 -0.636686 -0.649008 -0.660866
7.400 0.001143 -0.650929 -0.663368 -0.675327
7.600 0.001146 -0.664959 -0.677500 -0.689545
7.800 0.001149 -0.678690 -0.691317 -0.703431
8.000 0.001152 -0.692120 -0.704816 -0.716983
8.200 0.001155 -0.705300 -0.718049 -0.730253
8.400 0.001158 -0.718174 -0.730960 -0.743183
8.600 0.001161 -0.730766 -0.743572 -0.755798
8.800 0.001165 -0.743073 -0.755883 -0.768097
9.000 0.001168 -0.755067 -0.767865 -0.780050
9.200 0.001171 -0.766800 -0.779569 -0.791710
9.400 0.001175 -0.778192 -0.790916 -0.802994
9.600 0.001178 -0.789344 -0.802008 -0.814010
9.800 0.001182 -0.800153 -0.812741 -0.824650
10.000 0.001186 -0.810671 -0.823166 -0.834966
10.200 0.001190 -0.820895 -0.833282 -0.844958
10.400 0.001194 -0.830801 -0.843065 -0.854602
10.600 0.001198 -0.840439 -0.852565 -0.863947
10.800 0.001202 -0.849735 -0.861707 -0.872919
11.000 0.001206 -0.858786 -0.870591 -0.881620
11.200 0.001210 -0.867473 -0.879094 -0.889925
11.400 0.001214 -0.875917 -0.887341 -0.897960
11.600 0.001218 -0.884022 -0.895235 -0.905627
11.800 0.001223 -0.891862 -0.902850 -0.913003
12.000 0.001227 -0.899391 -0.910140 -0.920040
12.200 0.001232 -0.906609 -0.917107 -0.926742
12.400 0.001237 -0.913567 -0.923800 -0.933157
12.600 0.001241 -0.920218 -0.930175 -0.939241
12.800 0.001246 -0.926566 -0.936233 -0.944997
13.000 0.001251 -0.932636 -0.942002 -0.950452
13.200 0.001256 -0.938430 -0.947483 -0.955607
13.400 0.001261 -0.943927 -0.952657 -0.960445
13.600 0.001266 -0.949176 -0.957570 -0.965013
13.800 0.001271 -0.954112 -0.962161 -0.969248
14.000 0.001276 -0.958784 -0.966477 -0.973198
14.200 0.001282 -0.963192 -0.970521 -0.976866
14.400 0.001287 -0.967321 -0.974274 -0.980236
14.600 0.001292 -0.971214 -0.977784 -0.983353
14.800 0.001298 -0.974792 -0.980969 -0.986138
15.000 0.001304 -0.978162 -0.983939 -0.988699
15.200 0.001309 -0.981265 -0.986634 -0.990979
15.400 0.001315 -0.984086 -0.989039 -0.992961
15.600 0.001321 -0.986709 -0.991238 -0.994732
15.800 0.001327 -0.989037 -0.993137 -0.996195
16.000 0.001333 -0.991154 -0.994818 -0.997435
16.200 0.001339 -0.993025 -0.996247 -0.998417
16.400 0.001345 -0.994673 -0.997447 -0.999166
16.600 0.001351 -0.996082 -0.998403 -0.999667
16.800 0.001357 -0.997277 -0.999140 -0.999943
17.000 0.001364 -0.998260 -0.999660 -1.000000
17.200 0.001370 -0.998999 -0.999933 -0.999806
17.400 0.001377 -0.999536 -1.000000 -0.999402
17.600 0.001383 -0.999856 -0.999847 -0.998776
17.800 0.001390 -1.000000 -0.999514 -0.997968
18.000 0.001396 -0.999918 -0.998953 -0.996929
18.200 0.001403 -0.999668 -0.998221 -0.995718
18.400 0.001410 -0.999201 -0.997271 -0.994288
18.600 0.001417 -0.998557 -0.996142 -0.992677
18.800 0.001424 -0.997706 -0.994804 -0.990858
19.000 0.001431 -0.996720 -0.993330 -0.988901
19.200 0.001438 -0.995535 -0.991657 -0.986746
19.400 0.001445 -0.994174 -0.989808 -0.984414
19.600 0.001453 -0.992657 -0.987801 -0.981926
19.800 0.001460 -0.990971 -0.985627 -0.979271
20.000 0.001467 -0.989153 -0.983321 -0.976485
20.200 0.001475 -0.987145 -0.980825 -0.973512
20.400 0.001483 -0.984997 -0.978191 -0.970401
20.600 0.001490 -0.982728 -0.975437 -0.967172
20.800 0.001498 -0.980283 -0.972509 -0.963772
21.000 0.001506 -0.977725 -0.969469 -0.960262
21.200 0.001514 -0.975029 -0.966294 -0.956620
21.400 0.001521 -0.972185 -0.962972 -0.952834
21.600 0.001529 -0.969239 -0.959551 -0.948952
21.800 0.001538 -0.966167 -0.956007 -0.944950
22.000 0.001546 -0.962973 -0.952345 -0.940833
22.200 0.001554 -0.959675 -0.948580 -0.936618
22.400 0.001562 -0.956235 -0.944679 -0.932270
22.600 0.001571 -0.952740 -0.940723 -0.927872
22.800 0.001579 -0.949084 -0.936613 -0.923325
23.000 0.001588 -0.945379 -0.932456 -0.918734
23.200 0.001596 -0.941548 -0.928179 -0.914027
23.400 0.001605 -0.937635 -0.923823 -0.909247
23.600 0.001613 -0.933631 -0.919380 -0.904384
23.800 0.001622 -0.929538 -0.914853 -0.899443
24.000 0.001631 -0.925386 -0.910270 -0.894451
24.200 0.001640 -0.921127 -0.905587 -0.889364
24.400 0.001649 -0.916803 -0.900843 -0.884222
24.600 0.001658 -0.912404 -0.896030 -0.879016
24.800 0.001667 -0.907945 -0.891162 -0.873760
25.000 0.001676 -0.903407 -0.886220 -0.868436
25.200 0.001686 -0.898827 -0.881240 -0.863080
25.400 0.001695 -0.894150 -0.876171 -0.857641
25.600 0.001705 -0.889460 -0.871092 -0.852198
25.800 0.001714 -0.884680 -0.865930 -0.846678
26.000 0.001724 -0.879879 -0.860753 -0.841148
26.200 0.001733 -0.874996 -0.855500 -0.835549
26.400 0.001743 -0.870087 -0.850226 -0.829935
26.600 0.001753 -0.865143 -0.844922 -0.824298
26.800 0.001763 -0.860127 -0.839553 -0.818602
27.000 0.001772 -0.855101 -0.834180 -0.812907
27.200 0.001782 -0.850028 -0.828766 -0.807178
27.400 0.001792 -0.844930 -0.823333 -0.801436
27.600 0.001803 -0.839781 -0.817855 -0.795656
27.800 0.001813 -0.834621 -0.812372 -0.789877
28.000 0.001823 -0.829424 -0.806859 -0.784074
28.200 0.001833 -0.824211 -0.801335 -0.778267
28.400 0.001844 -0.818956 -0.795777 -0.772432
28.600 0.001854 -0.813708 -0.790230 -0.766615
28.800 0.001865 -0.808423 -0.784653 -0.760774
29.000 0.001875 -0.803130 -0.779074 -0.754937
29.200 0.001886 -0.797813 -0.773478 -0.749089
29.400 0.001897 -0.792491 -0.767883 -0.743249
29.600 0.001908 -0.787151 -0.762276 -0.737403
29.800 0.001918 -0.781809 -0.756673 -0.731567
30.000 0.001929 -0.776443 -0.751052 -0.725721
30.200 0.001940 -0.771104 -0.745464 -0.719911
30.400 0.001951 -0.765720 -0.739838 -0.714072
30.600 0.001963 -0.760373 -0.734254 -0.708280
30.800 0.001974 -0.754986 -0.728637 -0.702461
31.000 0.001985 -0.749623 -0.723050 -0.696678
31.200 0.001996 -0.744254 -0.717462 -0.690900
31.400 0.002008 -0.738881 -0.711877 -0.685132
31.600 0.002019 -0.733535 -0.706324 -0.679400
31.800 0.002031 -0.728173 -0.700761 -0.673665
32.000 0.002042 -0.722825 -0.695219 -0.667957
32.200 0.002054 -0.717479 -0.689684 -0.662261
32.400 0.002066 -0.712150 -0.684171 -0.656594
32.600 0.002078 -0.706811 -0.678655 -0.650929
32.800 0.002089 -0.701519 -0.673190 -0.645319
33.000 0.002101 -0.696205 -0.667711 -0.639702
33.200 0.002113 -0.690940 -0.662284 -0.634142
33.400 0.002125 -0.685656 -0.656845 -0.628576
33.600 0.002138 -0.680382 -0.651422 -0.623031
33.800 0.002150 -0.675158 -0.646052 -0.617545
34.000 0.002162 -0.669932 -0.640687 -0.612068
34.200 0.002174 -0.664719 -0.635341 -0.606615
34.400 0.002187 -0.659533 -0.630025 -0.601198
34.600 0.002199 -0.654348 -0.624717 -0.595795
34.800 0.002212 -0.649215 -0.619465 -0.590451
35.000 0.002224 -0.644098 -0.614234 -0.585132
35.200 0.002237 -0.638962 -0.608990 -0.579808
35.400 0.002250 -0.633891 -0.603815 -0.574555
35.600 0.002262 -0.628815 -0.598640 -0.569309
35.800 0.002275 -0.623781 -0.593512 -0.564112
36.000 0.002288 -0.618766 -0.588408 -0.558944
36.200 0.002301 -0.613772 -0.583329 -0.553807
36.400 0.002314 -0.608810 -0.578286 -0.548709
36.600 0.002327 -0.603847 -0.573249 -0.543622
36.800 0.002340 -0.598939 -0.568269 -0.538596
37.000 0.002354 -0.594054 -0.563316 -0.533601
37.200 0.002367 -0.589191 -0.558390 -0.528638
37.400 0.002380 -0.584342 -0.553483 -0.523698
37.600 0.002394 -0.579537 -0.548624 -0.518808
37.800 0.002407 -0.574757 -0.543793 -0.513951
38.000 0.002421 -0.569991 -0.538982 -0.509119
38.200 0.002434 -0.565271 -0.534219 -0.504337
38.400 0.002448 -0.560576 -0.529486 -0.499589
38.600 0.002462 -0.555898 -0.524774 -0.494866
38.800 0.002475 -0.551255 -0.520101 -0.490186
39.000 0.002489 -0.546658 -0.515476 -0.485556
39.200 0.002503 -0.542069 -0.510864 -0.480944
39.400 0.002517 -0.537517 -0.506292 -0.476374
39.600 0.002531 -0.532983 -0.501743 -0.471832
39.800 0.002545 -0.528504 -0.497250 -0.467347
40.000 0.002559 -0.524043 -0.492780 -0.462889
40.200 0.002574 -0.519611 -0.488342 -0.458467
40.400 0.002588 -0.515207 -0.483935 -0.454079
40.600 0.002602 -0.510832 -0.479561 -0.449726
40.800 0.002616 -0.506494 -0.475226 -0.445415
41.000 0.002631 -0.502185 -0.470924 -0.441140
41.200 0.002645 -0.497913 -0.466661 -0.436906
41.400 0.002660 -0.493670 -0.462430 -0.432707
41.600 0.002675 -0.489448 -0.458224 -0.428536
41.800 0.002689 -0.485256 -0.454050 -0.424401
42.000 0.002704 -0.481108 -0.449924 -0.420314
42.200 0.002719 -0.476990 -0.445829 -0.416261
42.400 0.002734 -0.472901 -0.441767 -0.412244
42.600 0.002749 -0.468820 -0.437716 -0.408241
42.800 0.002763 -0.464813 -0.433739 -0.404312
43.000 0.002778 -0.460806 -0.429767 -0.400392
43.200 0.002794 -0.456836 -0.425833 -0.396513
43.400 0.002809 -0.452903 -0.421939 -0.392674
43.600 0.002824 -0.448993 -0.418070 -0.388864
43.800 0.002839 -0.445133 -0.414253 -0.385105
44.000 0.002854 -0.441275 -0.410442 -0.381357
44.200 0.002870 -0.437467 -0.406682 -0.377661
44.400 0.002885 -0.433689 -0.402953 -0.373998
44.600 0.002901 -0.429921 -0.399238 -0.370352
44.800 0.002916 -0.426222 -0.395591 -0.366772
45.000 0.002932 -0.422526 -0.391952 -0.363204
45.200 0.002947 -0.418866 -0.388350 -0.359675
45.400 0.002963 -0.415235 -0.384779 -0.356178
45.600 0.002979 -0.411622 -0.381228 -0.352704
45.800 0.002995 -0.408068 -0.377737 -0.349289
46.000 0.003011 -0.404531 -0.374265 -0.345895
46.200 0.003027 -0.401011 -0.370813 -0.342524
46.400 0.003042 -0.397538 -0.367407 -0.339200
46.600 0.003059 -0.394077 -0.364017 -0.335893
46.800 0.003075 -0.390667 -0.360678 -0.332637
47.000 0.003091 -0.387269 -0.357353 -0.329399
47.200 0.003107 -0.383910 -0.354069 -0.326201
47.400 0.003123 -0.380580 -0.350815 -0.323034
47.600 0.003139 -0.377262 -0.347575 -0.319884
47.800 0.003156 -0.373994 -0.344385 -0.316784
48.000 0.003172 -0.370748 -0.341219 -0.313709
48.200 0.003189 -0.367530 -0.338082 -0.310664
48.400 0.003205 -0.364335 -0.334970 -0.307645
48.600 0.003222 -0.361167 -0.331887 -0.304656
48.800 0.003238 -0.358038 -0.328842 -0.301706
49.000 0.003255 -0.354930 -0.325820 -0.298780
49.200 0.003272 -0.351845 -0.322822 -0.295879
49.400 0.003288 -0.348801 -0.319866 -0.293020
49.600 0.003305 -0.345765 -0.316920 -0.290173
49.800 0.003322 -0.342766 -0.314011 -0.287363
50.000 0.003339 -0.339803 -0.311138 -0.284589
50.200 0.003356 -0.336856 -0.308284 -0.281836
50.400 0.003373 -0.333940 -0.305461 -0.279113
50.600 0.003390 -0.331033 -0.302648 -0.276404
50.800 0.003407 -0.328178 -0.299887 -0.273744
51.000 0.003424 -0.325340 -0.297145 -0.271104
51.200 0.003441 -0.322523 -0.294424 -0.268488
51.400 0.003459 -0.319728 -0.291726 -0.265894
51.600 0.003476 -0.316962 -0.289058 -0.263331
51.800 0.003493 -0.314234 -0.286427 -0.260804
52.000 0.003511 -0.311514 -0.283807 -0.258290
52.200 0.003528 -0.308823 -0.281216 -0.255804
52.400 0.003546 -0.306165 -0.278657 -0.253351
52.600 0.003563 -0.303519 -0.276112 -0.250914
52.800 0.003581 -0.300902 -0.273596 -0.248505
53.000 0.003598 -0.298316 -0.271112 -0.246127
53.200 0.003616 -0.295746 -0.268645 -0.243768
53.400 0.003634 -0.293204 -0.266205 -0.241436
53.600 0.003652 -0.290674 -0.263779 -0.239119
53.800 0.003670 -0.288183 -0.261391 -0.236838
54.000 0.003687 -0.285711 -0.259023 -0.234578
54.200 0.003705 -0.283258 -0.256675 -0.232339
54.400 0.003723 -0.280825 -0.254346 -0.230120
54.600 0.003741 -0.278417 -0.252044 -0.227927
54.800 0.003759 -0.276040 -0.249772 -0.225763
55.000 0.003777 -0.273674 -0.247512 -0.223613
55.200 0.003796 -0.271337 -0.245281 -0.221491
55.400 0.003814 -0.269015 -0.243066 -0.219386
55.600 0.003832 -0.266719 -0.240876 -0.217306
55.800 0.003850 -0.264440 -0.238704 -0.215244
56.000 0.003869 -0.262194 -0.236564 -0.213213
56.200 0.003887 -0.259961 -0.234439 -0.211197
56.400 0.003905 -0.257747 -0.232332 -0.209200
56.600 0.003924 -0.255543 -0.230237 -0.207216
56.800 0.003942 -0.253383 -0.228183 -0.205271
57.000 0.003961 -0.251237 -0.226145 -0.203342
57.200 0.003979 -0.249096 -0.224112 -0.201420
57.400 0.003998 -0.246997 -0.222120 -0.199536
57.600 0.004017 -0.244896 -0.220128 -0.197655
57.800 0.004035 -0.242824 -0.218164 -0.195800
58.000 0.004054 -0.240781 -0.216228 -0.193973
58.200 0.004073 -0.238742 -0.214298 -0.192153
58.400 0.004092 -0.236726 -0.212391 -0.190354
58.600 0.004110 -0.234732 -0.210505 -0.188577
58.800 0.004129 -0.232760 -0.208640 -0.186821
59.000 0.004148 -0.230803 -0.206792 -0.185081
59.200 0.004167 -0.228852 -0.204949 -0.183349
59.400 0.004186 -0.226944 -0.203148 -0.181654
59.600 0.004205 -0.225040 -0.201353 -0.179967
59.800 0.004224 -0.223141 -0.199563 -0.178287
60.000 0.004243 -0.221285 -0.197813 -0.176643
60.200 0.004263 -0.219438 -0.196074 -0.175011
60.400 0.004282 -0.217601 -0.194345 -0.173390
60.600 0.004301 -0.215784 -0.192635 -0.171788
60.800 0.004320 -0.213987 -0.190946 -0.170205
61.000 0.004340 -0.212205 -0.189271 -0.168636
61.200 0.004359 -0.210442 -0.187615 -0.167087
61.400 0.004378 -0.208698 -0.185978 -0.165555
61.600 0.004398 -0.206954 -0.184342 -0.164026
61.800 0.004417 -0.205244 -0.182738 -0.162527
62.000 0.004437 -0.203548 -0.181148 -0.161042
62.200 0.004456 -0.201861 -0.179568 -0.159567
62.400 0.004476 -0.200192 -0.178005 -0.158109
62.600 0.004495 -0.198537 -0.176457 -0.156665
62.800 0.004515 -0.196905 -0.174930 -0.155242
63.000 0.004535 -0.195282 -0.173412 -0.153828
63.200 0.004554 -0.193681 -0.171916 -0.152434
63.400 0.004574 -0.192084 -0.170424 -0.151047
63.600 0.004594 -0.190505 -0.168950 -0.149675
63.800 0.004614 -0.188947 -0.167497 -0.148324
64.000 0.004634 -0.187402 -0.166056 -0.146985
64.200 0.004653 -0.185861 -0.164620 -0.145651
64.400 0.004673 -0.184350 -0.163212 -0.144344
64.600 0.004693 -0.182843 -0.161808 -0.143042
64.800 0.004713 -0.181357 -0.160425 -0.141758
65.000 0.004733 -0.179874 -0.159046 -0.140480
65.200 0.004753 -0.178416 -0.157690 -0.139224
65.400 0.004773 -0.176969 -0.156346 -0.137979
65.600 0.004793 -0.175535 -0.155013 -0.136745
65.800 0.004813 -0.174108 -0.153689 -0.135520
66.000 0.004834 -0.172697 -0.152379 -0.134309
66.200 0.004854 -0.171305 -0.151088 -0.133116
66.400 0.004874 -0.169925 -0.149808 -0.131933
66.600 0.004894 -0.168548 -0.148533 -0.130756
66.800 0.004914 -0.167201 -0.147285 -0.129604
67.000 0.004935 -0.165847 -0.146032 -0.128448
67.200 0.004955 -0.164515 -0.144799 -0.127311
67.400 0.004975 -0.163208 -0.143590 -0.126196
67.600 0.004996 -0.161886 -0.142369 -0.125072
67.800 0.005016 -0.160601 -0.141181 -0.123978
68.000 0.005037 -0.159308 -0.139987 -0.122879
68.200 0.005057 -0.158036 -0.138814 -0.121800
68.400 0.005078 -0.156789 -0.137662 -0.120741
68.600 0.005098 -0.155527 -0.136499 -0.119672
68.800 0.005119 -0.154297 -0.135365 -0.118630
69.000 0.005139 -0.153073 -0.134237 -0.117594
69.200 0.005160 -0.151852 -0.133113 -0.116563
69.400 0.005180 -0.150657 -0.132014 -0.115554
69.600 0.005201 -0.149463 -0.130915 -0.114546
69.800 0.005222 -0.148281 -0.129828 -0.113551
70.000 0.005242 -0.147112 -0.128754 -0.112566
70.200 0.005263 -0.145946 -0.127683 -0.111586
70.400 0.005284 -0.144803 -0.126633 -0.110625
70.600 0.005305 -0.143665 -0.125588 -0.109669
70.800 0.005325 -0.142537 -0.124553 -0.108723
71.000 0.005346 -0.141415 -0.123524 -0.107782
71.200 0.005367 -0.140314 -0.122515 -0.106860
71.400 0.005388 -0.139215 -0.121509 -0.105941
71.600 0.005409 -0.138123 -0.120508 -0.105029
71.800 0.005430 -0.137057 -0.119533 -0.104138
72.000 0.005451 -0.135979 -0.118546 -0.103239
72.200 0.005472 -0.134924 -0.117582 -0.102360
72.400 0.005492 -0.133878 -0.116626 -0.101488
72.600 0.005513 -0.132834 -0.115672 -0.100620
72.800 0.005534 -0.131814 -0.114740 -0.099771
73.000 0.005555 -0.130786 -0.113802 -0.098918
73.200 0.005577 -0.129773 -0.112878 -0.098078
73.400 0.005598 -0.128782 -0.111974 -0.097255
73.600 0.005619 -0.127779 -0.111060 -0.096425
73.800 0.005640 -0.126807 -0.110173 -0.095620
74.000 0.005661 -0.125823 -0.109277 -0.094807
74.200 0.005682 -0.124854 -0.108396 -0.094007
74.400 0.005703 -0.123908 -0.107534 -0.093224
74.600 0.005724 -0.122952 -0.106665 -0.092437
74.800 0.005746 -0.122014 -0.105812 -0.091664
75.000 0.005767 -0.121082 -0.104965 -0.090896
75.200 0.005788 -0.120156 -0.104124 -0.090135
75.400 0.005809 -0.119246 -0.103297 -0.089387
75.600 0.005830 -0.118338 -0.102473 -0.088641
75.800 0.005852 -0.117436 -0.101655 -0.087902
76.000 0.005873 -0.116545 -0.100847 -0.087171
76.200 0.005894 -0.115665 -0.100050 -0.086450
76.400 0.005916 -0.114790 -0.099257 -0.085734
76.600 0.005937 -0.113924 -0.098472 -0.085026
76.800 0.005958 -0.113062 -0.097692 -0.084322
77.000 0.005980 -0.112209 -0.096921 -0.083626
77.200 0.006001 -0.111366 -0.096158 -0.082938
77.400 0.006022 -0.110531 -0.095403 -0.082258
77.600 0.006044 -0.109696 -0.094649 -0.081578
77.800 0.006065 -0.108884 -0.093914 -0.080917
78.000 0.006087 -0.108059 -0.093170 -0.080247
78.200 0.006108 -0.107254 -0.092444 -0.079594
78.400 0.006130 -0.106458 -0.091726 -0.078948
78.600 0.006151 -0.105659 -0.091005 -0.078300
78.800 0.006173 -0.104880 -0.090302 -0.077668
79.000 0.006194 -0.104091 -0.089592 -0.077030
79.200 0.006216 -0.103321 -0.088898 -0.076408
79.400 0.006237 -0.102560 -0.088213 -0.075792
79.600 0.006259 -0.101795 -0.087525 -0.075175
79.800 0.006280 -0.101045 -0.086850 -0.074570
80.000 0.006302 -0.100298 -0.086179 -0.073968
80.200 0.006323 -0.099555 -0.085511 -0.073370
80.400 0.006345 -0.098831 -0.084860 -0.072786
80.600 0.006366 -0.098097 -0.084201 -0.072197
80.800 0.006388 -0.097379 -0.083556 -0.071620
81.000 0.006410 -0.096664 -0.082915 -0.071046
81.200 0.006431 -0.095953 -0.082277 -0.070476
81.400 0.006453 -0.095255 -0.081652 -0.069916
81.600 0.006475 -0.094559 -0.081027 -0.069358
81.800 0.006496 -0.093867 -0.080408 -0.068805
82.000 0.006518 -0.093183 -0.079795 -0.068258
82.200 0.006539 -0.092506 -0.079189 -0.067717
82.400 0.006561 -0.091836 -0.078589 -0.067182
82.600 0.006583 -0.091165 -0.077989 -0.066647
82.800 0.006604 -0.090510 -0.077404 -0.066125
83.000 0.006626 -0.089849 -0.076813 -0.065599
83.200 0.006648 -0.089205 -0.076237 -0.065086
83.400 0.006669 -0.088559 -0.075661 -0.064573
83.600 0.006691 -0.087918 -0.075089 -0.064064
83.800 0.006713 -0.087291 -0.074529 -0.063566
84.000 0.006735 -0.086657 -0.073964 -0.063063
84.200 0.006756 -0.086036 -0.073410 -0.062571
84.400 0.006778 -0.085425 -0.072865 -0.062086
84.600 0.006800 -0.084807 -0.072315 -0.061598
84.800 0.006821 -0.084206 -0.071780 -0.061122
85.000 0.006843 -0.083599 -0.071239 -0.060643
85.200 0.006865 -0.083003 -0.070709 -0.060173
85.400 0.006887 -0.082417 -0.070188 -0.059710
85.600 0.006908 -0.081825 -0.069662 -0.059244
85.800 0.006930 -0.081247 -0.069148 -0.058788
86.000 0.006952 -0.080670 -0.068636 -0.058334
86.200 0.006973 -0.080096 -0.068125 -0.057883
86.400 0.006995 -0.079532 -0.067625 -0.057440
86.600 0.007017 -0.078971 -0.067127 -0.056999
86.800 0.007039 -0.078412 -0.066631 -0.056560
87.000 0.007060 -0.077860 -0.066142 -0.056128
87.200 0.007082 -0.077309 -0.065654 -0.055696
87.400 0.007104 -0.076767 -0.065173 -0.055271
87.600 0.007126 -0.076230 -0.064698 -0.054851
87.800 0.007147 -0.075694 -0.064223 -0.054432
88.000 0.007169 -0.075161 -0.063752 -0.054017
88.200 0.007191 -0.074639 -0.063289 -0.053609
88.400 0.007213 -0.074117 -0.062828 -0.053202
88.600 0.007234 -0.073597 -0.062369 -0.052797
88.800 0.007256 -0.073089 -0.061919 -0.052401
89.000 0.007278 -0.072576 -0.061467 -0.052002
89.200 0.007300 -0.072072 -0.061021 -0.051610
89.400 0.007321 -0.071577 -0.060584 -0.051225
89.600 0.007343 -0.071075 -0.060141 -0.050835
89.800 0.007365 -0.070589 -0.059712 -0.050458
90.000 0.007386 -0.070095 -0.059277 -0.050075
90.200 0.007408 -0.069611 -0.058850 -0.049700
90.400 0.007430 -0.069136 -0.058432 -0.049332
90.600 0.007452 -0.068655 -0.058008 -0.048960
90.800 0.007473 -0.068188 -0.057597 -0.048599
91.000 0.007495 -0.067714 -0.057180 -0.048233
91.200 0.007517 -0.067250 -0.056772 -0.047875
91.400 0.007538 -0.066793 -0.056369 -0.047522
91.600 0.007560 -0.066332 -0.055965 -0.047167
91.800 0.007582 -0.065881 -0.055568 -0.046819
92.000 0.007603 -0.065431 -0.055172 -0.046473
92.200 0.007625 -0.064981 -0.054778 -0.046127
92.400 0.007647 -0.064543 -0.054393 -0.045790
92.600 0.007668 -0.064103 -0.054007 -0.045452
92.800 0.007690 -0.063666 -0.053624 -0.045117
93.000 0.007712 -0.063234 -0.053244 -0.044785
93.200 0.007733 -0.062806 -0.052869 -0.044457
93.400 0.007755 -0.062382 -0.052497 -0.044132
93.600 0.007776 -0.061960 -0.052128 -0.043810
93.800 0.007798 -0.061540 -0.051761 -0.043489
94.000 0.007820 -0.061123 -0.051396 -0.043170
94.200 0.007841 -0.060717 -0.051040 -0.042859
94.400 0.007863 -0.060305 -0.050680 -0.042545
94.600 0.007884 -0.059897 -0.050323 -0.042234
94.800 0.007906 -0.059501 -0.049977 -0.041932
95.000 0.007927 -0.059099 -0.049625 -0.041626
95.200 0.007949 -0.058700 -0.049277 -0.041323
95.400 0.007970 -0.058313 -0.048939 -0.041028
95.600 0.007992 -0.057922 -0.048597 -0.040731
95.800 0.008013 -0.057537 -0.048261 -0.040438
96.000 0.008035 -0.057148 -0.047923 -0.040144
96.200 0.008056 -0.056768 -0.047591 -0.039855
96.400 0.008078 -0.056397 -0.047267 -0.039573
96.600 0.008099 -0.056017 -0.046936 -0.039286
96.800 0.008121 -0.055647 -0.046614 -0.039006
97.000 0.008142 -0.055277 -0.046292 -0.038726
97.200 0.008164 -0.054910 -0.045972 -0.038449
97.400 0.008185 -0.054551 -0.045660 -0.038178
97.600 0.008206 -0.054189 -0.045345 -0.037904
97.800 0.008228 -0.053830 -0.045033 -0.037633
98.000 0.008249 -0.053479 -0.044727 -0.037369
98.200 0.008271 -0.053122 -0.044417 -0.037100
98.400 0.008292 -0.052775 -0.044116 -0.036839
98.600 0.008313 -0.052430 -0.043816 -0.036579
98.800 0.008335 -0.052085 -0.043517 -0.036319
99.000 0.008356 -0.051741 -0.043218 -0.036061
99.200 0.008377 -0.051405 -0.042927 -0.035809
99.400 0.008398 -0.051070 -0.042636 -0.035557
99.600 0.008420 -0.050733 -0.042344 -0.035305
99.800 0.008441 -0.050407 -0.042061 -0.035060
100.000 0.008462 -0.050072 -0.041771 -0.034810
100.200 0.008483 -0.049751 -0.041494 -0.034570
100.400 0.008504 -0.049425 -0.041211 -0.034326
100.600 0.008526 -0.049104 -0.040933 -0.034086
100.800 0.008547 -0.048788 -0.040660 -0.033850
101.000 0.008568 -0.048468 -0.040383 -0.033611
101.200 0.008589 -0.048154 -0.040111 -0.033377
101.400 0.008610 -0.047847 -0.039846 -0.033147
101.600 0.008631 -0.047534 -0.039575 -0.032915
101.800 0.008652 -0.047230 -0.039313 -0.032688
102.000 0.008673 -0.046921 -0.039046 -0.032458
102.200 0.008694 -0.046620 -0.038787 -0.032235
102.400 0.008715 -0.046323 -0.038530 -0.032014
102.600 0.008736 -0.046022 -0.038270 -0.031791
102.800 0.008757 -0.045728 -0.038017 -0.031572
103.000 0.008778 -0.045433 -0.037762 -0.031353
103.200 0.008799 -0.045142 -0.037511 -0.031138
103.400 0.008820 -0.044854 -0.037263 -0.030924
103.600 0.008841 -0.044566 -0.037016 -0.030712
103.800 0.008862 -0.044283 -0.036772 -0.030502
104.000 0.008883 -0.043999 -0.036527 -0.030292
104.200 0.008904 -0.043715 -0.036283 -0.030083
104.400 0.008924 -0.043440 -0.036046 -0.029879
104.600 0.008945 -0.043163 -0.035808 -0.029675
104.800 0.008966 -0.042887 -0.035571 -0.029472
105.000 0.008987 -0.042614 -0.035336 -0.029270
105.200 0.009007 -0.042346 -0.035106 -0.029073
105.400 0.009028 -0.042076 -0.034874 -0.028874
105.600 0.009049 -0.041807 -0.034643 -0.028677
105.800 0.009069 -0.041545 -0.034418 -0.028484
106.000 0.009090 -0.041282 -0.034192 -0.028290
106.200 0.009111 -0.041019 -0.033967 -0.028097
106.400 0.009131 -0.040762 -0.033746 -0.027909
106.600 0.009152 -0.040504 -0.033525 -0.027719
106.800 0.009172 -0.040249 -0.033307 -0.027533
107.000 0.009193 -0.039994 -0.033088 -0.027346
107.200 0.009213 -0.039742 -0.032873 -0.027162
107.400 0.009234 -0.039495 -0.032661 -0.026981
107.600 0.009254 -0.039244 -0.032446 -0.026797
107.800 0.009275 -0.038997 -0.032235 -0.026617
108.000 0.009295 -0.038754 -0.032027 -0.026440
108.200 0.009315 -0.038510 -0.031819 -0.026262
108.400 0.009336 -0.038270 -0.031613 -0.026086
108.600 0.009356 -0.038028 -0.031407 -0.025910
108.800 0.009376 -0.037792 -0.031205 -0.025738
109.000 0.009396 -0.037556 -0.031003 -0.025567
109.200 0.009417 -0.037319 -0.030801 -0.025394
109.400 0.009437 -0.037087 -0.030603 -0.025226
109.600 0.009457 -0.036858 -0.030407 -0.025059
109.800 0.009477 -0.036627 -0.030210 -0.024891
110.000 0.009497 -0.036398 -0.030015 -0.024725
110.200 0.009517 -0.036172 -0.029823 -0.024562
110.400 0.009538 -0.035947 -0.029631 -0.024398
110.600 0.009558 -0.035724 -0.029441 -0.024237
110.800 0.009578 -0.035502 -0.029252 -0.024076
111.000 0.009598 -0.035280 -0.029062 -0.023915
111.200 0.009618 -0.035062 -0.028877 -0.023758
111.400 0.009637 -0.034847 -0.028694 -0.023602
111.600 0.009657 -0.034628 -0.028508 -0.023444
111.800 0.009677 -0.034416 -0.028327 -0.023291
112.000 0.009697 -0.034201 -0.028145 -0.023136
112.200 0.009717 -0.033989 -0.027965 -0.022984
112.400 0.009737 -0.033781 -0.027788 -0.022834
112.600 0.009756 -0.033572 -0.027610 -0.022683
112.800 0.009776 -0.033365 -0.027435 -0.022534
113.000 0.009796 -0.033158 -0.027259 -0.022385
113.200 0.009815 -0.032954 -0.027085 -0.022238
113.400 0.009835 -0.032753 -0.026915 -0.022094
113.600 0.009855 -0.032549 -0.026742 -0.021947
113.800 0.009874 -0.032349 -0.026573 -0.021804
114.000 0.009894 -0.032150 -0.026404 -0.021662
114.200 0.009913 -0.031951 -0.026235 -0.021519
114.400 0.009933 -0.031757 -0.026071 -0.021380
114.600 0.009952 -0.031560 -0.025904 -0.021239
114.800 0.009971 -0.031369 -0.025742 -0.021102
115.000 0.009991 -0.031172 -0.025576 -0.020962
115.200 0.010010 -0.030984 -0.025417 -0.020827
115.400 0.010029 -0.030794 -0.025255 -0.020691
115.600 0.010049 -0.030604 -0.025095 -0.020556
115.800 0.010068 -0.030418 -0.024938 -0.020423
116.000 0.010087 -0.030231 -0.024779 -0.020290
116.200 0.010106 -0.030043 -0.024621 -0.020156
116.400 0.010125 -0.029863 -0.024469 -0.020028
116.600 0.010145 -0.029678 -0.024312 -0.019896
116.800 0.010164 -0.029499 -0.024161 -0.019768
117.000 0.010183 -0.029318 -0.024008 -0.019640
117.200 0.010202 -0.029138 -0.023856 -0.019512
117.400 0.010221 -0.028961 -0.023707 -0.019386
117.600 0.010240 -0.028784 -0.023558 -0.019260
117.800 0.010258 -0.028607 -0.023409 -0.019135
118.000 0.010277 -0.028434 -0.023263 -0.019012
118.200 0.010296 -0.028257 -0.023114 -0.018887
118.400 0.010315 -0.028087 -0.022971 -0.018767
118.600 0.010334 -0.027916 -0.022827 -0.018645
118.800 0.010352 -0.027746 -0.022683 -0.018525
119.000 0.010371 -0.027577 -0.022542 -0.018406
119.200 0.010390 -0.027407 -0.022399 -0.018286
119.400 0.010408 -0.027241 -0.022259 -0.018169
119.600 0.010427 -0.027074 -0.022118 -0.018051
119.800 0.010445 -0.026912 -0.021982 -0.017936
120.000 0.010464 -0.026745 -0.021842 -0.017818
120.200 0.010482 -0.026583 -0.021705 -0.017704
120.400 0.010501 -0.026422 -0.021570 -0.017591
120.600 0.010519 -0.026261 -0.021435 -0.017478
120.800 0.010537 -0.026100 -0.021300 -0.017365
121.000 0.010556 -0.025942 -0.021167 -0.017253
121.200 0.010574 -0.025781 -0.021032 -0.017140
121.400 0.010592 -0.025629 -0.020905 -0.017034
121.600 0.010610 -0.025468 -0.020770 -0.016921
121.800 0.010628 -0.025316 -0.020643 -0.016814
122.000 0.010647 -0.025161 -0.020513 -0.016705
122.200 0.010665 -0.025008 -0.020384 -0.016598
122.400 0.010683 -0.024855 -0.020257 -0.016491
122.600 0.010701 -0.024704 -0.020130 -0.016385
122.800 0.010719 -0.024554 -0.020004 -0.016280
123.000 0.010736 -0.024404 -0.019879 -0.016176
123.200 0.010754 -0.024254 -0.019753 -0.016071
123.400 0.010772 -0.024107 -0.019631 -0.015968
123.600 0.010790 -0.023961 -0.019508 -0.015866
123.800 0.010808 -0.023815 -0.019386 -0.015764
124.000 0.010825 -0.023670 -0.019265 -0.015663
124.200 0.010843 -0.023525 -0.019144 -0.015562
124.400 0.010861 -0.023382 -0.019024 -0.015462
124.600 0.010878 -0.023239 -0.018905 -0.015363
124.800 0.010896 -0.023097 -0.018786 -0.015264
125.000 0.010913 -0.022955 -0.018668 -0.015165
125.200 0.010931 -0.022816 -0.018552 -0.015069
125.400 0.010948 -0.022677 -0.018436 -0.014972
125.600 0.010965 -0.022537 -0.018319 -0.014875
125.800 0.010983 -0.022401 -0.018206 -0.014781
126.000 0.011000 -0.022263 -0.018091 -0.014685
126.200 0.011017 -0.022126 -0.017977 -0.014590
126.400 0.011034 -0.021993 -0.017866 -0.014498
126.600 0.011051 -0.021855 -0.017751 -0.014403
126.800 0.011068 -0.021725 -0.017642 -0.014312
127.000 0.011085 -0.021589 -0.017529 -0.014218
127.200 0.011102 -0.021458 -0.017421 -0.014128
127.400 0.011119 -0.021326 -0.017310 -0.014036
127.600 0.011136 -0.021195 -0.017202 -0.013946
127.800 0.011153 -0.021065 -0.017094 -0.013856
128.000 0.011170 -0.020936 -0.016986 -0.013767
128.200 0.011187 -0.020806 -0.016878 -0.013677
128.400 0.011204 -0.020680 -0.016774 -0.013591
128.600 0.011220 -0.020553 -0.016668 -0.013503
128.800 0.011237 -0.020423 -0.016561 -0.013414
129.000 0.011253 -0.020299 -0.016457 -0.013329
129.200 0.011270 -0.020174 -0.016353 -0.013242
129.400 0.011286 -0.020048 -0.016249 -0.013156
129.600 0.011303 -0.019927 -0.016149 -0.013073
129.800 0.011319 -0.019802 -0.016045 -0.012987
130.000 0.011336 -0.019679 -0.015943 -0.012902
130.200 0.011352 -0.019558 -0.015843 -0.012819
130.400 0.011368 -0.019437 -0.015742 -0.012736
130.600 0.011384 -0.019318 -0.015643 -0.012655
130.800 0.011401 -0.019195 -0.015542 -0.012571
131.000 0.011417 -0.019077 -0.015444 -0.012490
131.200 0.011433 -0.018959 -0.015346 -0.012409
131.400 0.011449 -0.018839 -0.015247 -0.012327
131.600 0.011465 -0.018724 -0.015152 -0.012249
131.800 0.011481 -0.018607 -0.015055 -0.012168
132.000 0.011497 -0.018489 -0.014958 -0.012088
132.200 0.011512 -0.018374 -0.014863 -0.012010
132.400 0.011528 -0.018259 -0.014768 -0.011931
132.600 0.011544 -0.018145 -0.014673 -0.011853
132.800 0.011560 -0.018032 -0.014580 -0.011776
133.000 0.011575 -0.017919 -0.014487 -0.011699
133.200 0.011591 -0.017804 -0.014392 -0.011621
133.400 0.011606 -0.017694 -0.014301 -0.011546
133.600 0.011622 -0.017583 -0.014210 -0.011471
133.800 0.011637 -0.017470 -0.014116 -0.011394
134.000 0.011653 -0.017361 -0.014026 -0.011320
134.200 0.011668 -0.017251 -0.013935 -0.011245
134.400 0.011683 -0.017141 -0.013845 -0.011171
134.600 0.011698 -0.017034 -0.013756 -0.011098
134.800 0.011714 -0.016926 -0.013667 -0.011024
135.000 0.011729 -0.016816 -0.013577 -0.010950
135.200 0.011744 -0.016710 -0.013490 -0.010878
135.400 0.011759 -0.016603 -0.013402 -0.010806
135.600 0.011774 -0.016499 -0.013316 -0.010735
135.800 0.011789 -0.016390 -0.013227 -0.010662
136.000 0.011804 -0.016287 -0.013141 -0.010592
136.200 0.011818 -0.016183 -0.013056 -0.010522
136.400 0.011833 -0.016076 -0.012968 -0.010450
136.600 0.011848 -0.015976 -0.012886 -0.010382
136.800 0.011862 -0.015872 -0.012800 -0.010312
137.000 0.011877 -0.015769 -0.012715 -0.010242
137.200 0.011892 -0.015667 -0.012632 -0.010174
137.400 0.011906 -0.015565 -0.012548 -0.010105
137.600 0.011921 -0.015465 -0.012466 -0.010038
137.800 0.011935 -0.015364 -0.012383 -0.009970
138.000 0.011949 -0.015263 -0.012300 -0.009902
138.200 0.011963 -0.015164 -0.012219 -0.009835
138.400 0.011978 -0.015064 -0.012137 -0.009768
138.600 0.011992 -0.014967 -0.012057 -0.009703
138.800 0.012006 -0.014867 -0.011975 -0.009636
139.000 0.012020 -0.014770 -0.011896 -0.009571
139.200 0.012034 -0.014673 -0.011816 -0.009505
139.400 0.012048 -0.014574 -0.011735 -0.009439
139.600 0.012062 -0.014479 -0.011657 -0.009376
139.800 0.012076 -0.014383 -0.011578 -0.009311
140.000 0.012089 -0.014287 -0.011500 -0.009247
140.200 0.012103 -0.014191 -0.011421 -0.009183
140.400 0.012117 -0.014096 -0.011344 -0.009120
140.600 0.012130 -0.014003 -0.011268 -0.009057
140.800 0.012144 -0.013907 -0.011189 -0.008993
141.000 0.012157 -0.013814 -0.011113 -0.008931
141.200 0.012171 -0.013721 -0.011037 -0.008869
141.400 0.012184 -0.013628 -0.010961 -0.008806
141.600 0.012198 -0.013537 -0.010886 -0.008746
141.800 0.012211 -0.013444 -0.010811 -0.008684
142.000 0.012224 -0.013351 -0.010735 -0.008622
142.200 0.012237 -0.013262 -0.010662 -0.008563
142.400 0.012250 -0.013170 -0.010587 -0.008502
142.600 0.012263 -0.013079 -0.010513 -0.008441
142.800 0.012276 -0.012990 -0.010440 -0.008382
143.000 0.012289 -0.012900 -0.010367 -0.008322
143.200 0.012302 -0.012810 -0.010293 -0.008262
143.400 0.012315 -0.012721 -0.010220 -0.008203
143.600 0.012328 -0.012634 -0.010150 -0.008145
143.800 0.012340 -0.012545 -0.010077 -0.008086
144.000 0.012353 -0.012456 -0.010005 -0.008027
144.200 0.012365 -0.012369 -0.009934 -0.007970
144.400 0.012378 -0.012283 -0.009863 -0.007912
144.600 0.012390 -0.012195 -0.009792 -0.007854
144.800 0.012403 -0.012109 -0.009722 -0.007798
145.000 0.012415 -0.012023 -0.009652 -0.007740
145.200 0.012427 -0.011935 -0.009581 -0.007682
145.400 0.012440 -0.011851 -0.009512 -0.007627
145.600 0.012452 -0.011767 -0.009444 -0.007571
145.800 0.012464 -0.011680 -0.009373 -0.007514
146.000 0.012476 -0.011597 -0.009305 -0.007459
146.200 0.012488 -0.011513 -0.009237 -0.007403
146.400 0.012500 -0.011428 -0.009168 -0.007347
146.600 0.012512 -0.011346 -0.009101 -0.007293
146.800 0.012523 -0.011262 -0.009034 -0.007238
147.000 0.012535 -0.011178 -0.008965 -0.007182
147.200 0.012547 -0.011097 -0.008899 -0.007129
147.400 0.012558 -0.011014 -0.008832 -0.007075
147.600 0.012570 -0.010933 -0.008766 -0.007021
147.800 0.012581 -0.010850 -0.008698 -0.006966
148.000 0.012593 -0.010770 -0.008634 -0.006914
148.200 0.012604 -0.010688 -0.008567 -0.006860
148.400 0.012615 -0.010606 -0.008501 -0.006806
148.600 0.012627 -0.010528 -0.008437 -0.006755
148.800 0.012638 -0.010446 -0.008371 -0.006701
149.000 0.012649 -0.010366 -0.008306 -0.006649
149.200 0.012660 -0.010287 -0.008242 -0.006597
149.400 0.012671 -0.010207 -0.008178 -0.006545
149.600 0.012682 -0.010128 -0.008114 -0.006493
149.800 0.012693 -0.010050 -0.008050 -0.006441
150.000 0.012703 -0.009971 -0.007987 -0.006390
150.200 0.012714 -0.009892 -0.007922 -0.006338
150.400 0.012725 -0.009814 -0.007859 -0.006287
150.600 0.012735 -0.009737 -0.007797 -0.006237
150.800 0.012746 -0.009659 -0.007734 -0.006186
151.000 0.012756 -0.009582 -0.007671 -0.006135
151.200 0.012767 -0.009505 -0.007609 -0.006085
151.400 0.012777 -0.009428 -0.007547 -0.006035
151.600 0.012787 -0.009352 -0.007486 -0.005986
151.800 0.012797 -0.009275 -0.007423 -0.005935
152.000 0.012808 -0.009199 -0.007362 -0.005885
152.200 0.012818 -0.009123 -0.007301 -0.005836
152.400 0.012828 -0.009048 -0.007240 -0.005787
152.600 0.012838 -0.008974 -0.007180 -0.005739
152.800 0.012847 -0.008897 -0.007118 -0.005689
153.000 0.012857 -0.008822 -0.007058 -0.005640
153.200 0.012867 -0.008748 -0.006998 -0.005592
153.400 0.012877 -0.008674 -0.006938 -0.005543
153.600 0.012886 -0.008600 -0.006878 -0.005495
153.800 0.012896 -0.008526 -0.006818 -0.005447
154.000 0.012905 -0.008452 -0.006759 -0.005399
154.200 0.012915 -0.008378 -0.006700 -0.005351
154.400 0.012924 -0.008305 -0.006640 -0.005304
154.600 0.012933 -0.008232 -0.006582 -0.005257
154.800 0.012942 -0.008159 -0.006523 -0.005209
155.000 0.012952 -0.008087 -0.006465 -0.005162
155.200 0.012961 -0.008014 -0.006406 -0.005115
155.400 0.012970 -0.007942 -0.006348 -0.005068
155.600 0.012979 -0.007870 -0.006290 -0.005022
155.800 0.012987 -0.007798 -0.006232 -0.004975
156.000 0.012996 -0.007726 -0.006174 -0.004928
156.200 0.013005 -0.007655 -0.006117 -0.004883
156.400 0.013014 -0.007583 -0.006059 -0.004836
156.600 0.013022 -0.007514 -0.006003 -0.004791
156.800 0.013031 -0.007442 -0.005945 -0.004744
157.000 0.013039 -0.007371 -0.005888 -0.004699
157.200 0.013048 -0.007300 -0.005831 -0.004653
157.400 0.013056 -0.007230 -0.005775 -0.004608
157.600 0.013064 -0.007161 -0.005719 -0.004563
157.800 0.013072 -0.007090 -0.005662 -0.004518
158.000 0.013081 -0.007020 -0.005606 -0.004473
158.200 0.013089 -0.006951 -0.005551 -0.004428
158.400 0.013097 -0.006881 -0.005494 -0.004383
158.600 0.013104 -0.006813 -0.005440 -0.004339
158.800 0.013112 -0.006743 -0.005384 -0.004294
159.000 0.013120 -0.006674 -0.005328 -0.004249
159.200 0.013128 -0.006605 -0.005273 -0.004205
159.400 0.013135 -0.006537 -0.005218 -0.004161
159.600 0.013143 -0.006469 -0.005163 -0.004117
159.800 0.013150 -0.006400 -0.005109 -0.004073
160.000 0.013158 -0.006333 -0.005054 -0.004030
160.200 0.013165 -0.006264 -0.004999 -0.003986
160.400 0.013173 -0.006197 -0.004945 -0.003942
160.600 0.013180 -0.006129 -0.004891 -0.003899
160.800 0.013187 -0.006062 -0.004837 -0.003856
161.000 0.013194 -0.005993 -0.004782 -0.003812
161.200 0.013201 -0.005928 -0.004729 -0.003769
161.400 0.013208 -0.005860 -0.004675 -0.003726
161.600 0.013215 -0.005792 -0.004621 -0.003683
161.800 0.013222 -0.005726 -0.004568 -0.003640
162.000 0.013228 -0.005660 -0.004515 -0.003598
162.200 0.013235 -0.005592 -0.004461 -0.003554
162.400 0.013241 -0.005527 -0.004409 -0.003513
162.600 0.013248 -0.005461 -0.004355 -0.003470
162.800 0.013254 -0.005394 -0.004302 -0.003427
163.000 0.013261 -0.005329 -0.004250 -0.003386
163.200 0.013267 -0.005262 -0.004197 -0.003343
163.400 0.013273 -0.005197 -0.004144 -0.003301
163.600 0.013279 -0.005131 -0.004092 -0.003259
163.800 0.013285 -0.005066 -0.004039 -0.003217
164.000 0.013291 -0.005000 -0.003987 -0.003175
164.200 0.013297 -0.004936 -0.003936 -0.003134
164.400 0.013303 -0.004870 -0.003883 -0.003092
164.600 0.013309 -0.004806 -0.003832 -0.003051
164.800 0.013315 -0.004740 -0.003778 -0.003009
165.000 0.013320 -0.004676 -0.003728 -0.002968
165.200 0.013326 -0.004611 -0.003675 -0.002927
165.400 0.013331 -0.004547 -0.003624 -0.002886
165.600 0.013337 -0.004482 -0.003572 -0.002844
165.800 0.013342 -0.004419 -0.003522 -0.002804
166.000 0.013347 -0.004353 -0.003469 -0.002762
166.200 0.013353 -0.004290 -0.003419 -0.002722
166.400 0.013358 -0.004226 -0.003368 -0.002681
166.600 0.013363 -0.004161 -0.003316 -0.002640
166.800 0.013368 -0.004099 -0.003266 -0.002600
167.000 0.013373 -0.004034 -0.003214 -0.002559
167.200 0.013378 -0.003971 -0.003164 -0.002518
167.400 0.013382 -0.003907 -0.003113 -0.002478
167.600 0.013387 -0.003844 -0.003063 -0.002437
167.800 0.013392 -0.003781 -0.003012 -0.002397
168.000 0.013396 -0.003717 -0.002962 -0.002357
168.200 0.013401 -0.003654 -0.002911 -0.002317
168.400 0.013405 -0.003591 -0.002861 -0.002277
168.600 0.013409 -0.003528 -0.002810 -0.002236
168.800 0.013414 -0.003465 -0.002760 -0.002196
169.000 0.013418 -0.003403 -0.002710 -0.002157
169.200 0.013422 -0.003340 -0.002660 -0.002117
169.400 0.013426 -0.003277 -0.002610 -0.002077
169.600 0.013430 -0.003215 -0.002560 -0.002037
169.800 0.013434 -0.003152 -0.002510 -0.001997
170.000 0.013438 -0.003090 -0.002461 -0.001958
170.200 0.013441 -0.003027 -0.002411 -0.001918
170.400 0.013445 -0.002964 -0.002361 -0.001878
170.600 0.013449 -0.002904 -0.002312 -0.001840
170.800 0.013452 -0.002841 -0.002262 -0.001800
171.000 0.013455 -0.002779 -0.002213 -0.001760
171.200 0.013459 -0.002717 -0.002163 -0.001721
171.400 0.013462 -0.002654 -0.002113 -0.001681
171.600 0.013465 -0.002593 -0.002065 -0.001642
171.800 0.013468 -0.002531 -0.002015 -0.001603
172.000 0.013471 -0.002469 -0.001966 -0.001564
172.200 0.013474 -0.002407 -0.001917 -0.001524
172.400 0.013477 -0.002346 -0.001868 -0.001486
172.600 0.013480 -0.002284 -0.001818 -0.001446
172.800 0.013483 -0.002223 -0.001770 -0.001407
173.000 0.013486 -0.002161 -0.001721 -0.001369
173.200 0.013488 -0.002100 -0.001672 -0.001329
173.400 0.013491 -0.002038 -0.001623 -0.001290
173.600 0.013493 -0.001977 -0.001574 -0.001252
173.800 0.013496 -0.001916 -0.001525 -0.001213
174.000 0.013498 -0.001854 -0.001476 -0.001174
174.200 0.013500 -0.001793 -0.001427 -0.001135
174.400 0.013502 -0.001732 -0.001379 -0.001097
174.600 0.013504 -0.001671 -0.001330 -0.001058
174.800 0.013506 -0.001609 -0.001281 -0.001019
175.000 0.013508 -0.001549 -0.001233 -0.000980
175.200 0.013510 -0.001488 -0.001184 -0.000942
175.400 0.013512 -0.001426 -0.001135 -0.000903
175.600 0.013514 -0.001366 -0.001087 -0.000865
175.800 0.013515 -0.001305 -0.001039 -0.000826
176.000 0.013517 -0.001244 -0.000990 -0.000787
176.200 0.013518 -0.001183 -0.000941 -0.000749
176.400 0.013520 -0.001123 -0.000894 -0.000711
176.600 0.013521 -0.001061 -0.000845 -0.000672
176.800 0.013522 -0.001001 -0.000797 -0.000633
177.000 0.013523 -0.000939 -0.000748 -0.000595
177.200 0.013525 -0.000880 -0.000700 -0.000557
177.400 0.013526 -0.000818 -0.000651 -0.000518
177.600 0.013527 -0.000758 -0.000603 -0.000480
177.800 0.013527 -0.000697 -0.000554 -0.000441
178.000 0.013528 -0.000637 -0.000507 -0.000403
178.200 0.013529 -0.000575 -0.000458 -0.000364
178.400 0.013530 -0.000515 -0.000410 -0.000326
178.600 0.013530 -0.000454 -0.000362 -0.000287
178.800 0.013531 -0.000394 -0.000314 -0.000249
179.000 0.013531 -0.000334 -0.000265 -0.000211
179.200 0.013531 -0.000273 -0.000217 -0.000172
179.400 0.013532 -0.000212 -0.000169 -0.000134
179.600 0.013532 -0.000151 -0.000120 -0.000096
179.800 0.013532 -0.000091 -0.000072 -0.000057
