-179.800 0.013532 0.000000 -0.000000 0.000000
-179.600 0.013532 0.000063 0.000050 0.000040
-179.400 0.013532 0.000104 0.000083 0.000066
-179.200 0.013532 0.000146 0.000116 0.000092
-179.000 0.013531 0.000189 0.000150 0.000119
-178.800 0.013531 0.000230 0.000183 0.000145
-178.600 0.013531 0.000272 0.000217 0.000172
-178.400 0.013530 0.000313 0.000249 0.000198
-178.200 0.013530 0.000356 0.000283 0.000225
-178.000 0.013529 0.000397 0.000316 0.000251
-177.800 0.013528 0.000439 0.000350 0.000278
-177.600 0.013528 0.000481 0.000383 0.000304
-177.400 0.013527 0.000523 0.000416 0.000331
-177.200 0.013526 0.000565 0.000449 0.000357
-177.000 0.013525 0.000607 0.000483 0.000384
-176.800 0.013525 0.000649 0.000516 0.000410
-176.600 0.013524 0.000691 0.000549 0.000437
-176.400 0.013523 0.000733 0.000583 0.000464
-176.200 0.013522 0.000774 0.000616 0.000490
-176.000 0.013520 0.000818 0.000651 0.000517
-175.800 0.013519 0.000858 0.000683 0.000543
-175.600 0.013518 0.000901 0.000717 0.000570
-175.400 0.013517 0.000943 0.000750 0.000597
-175.200 0.013515 0.000985 0.000783 0.000623
-175.000 0.013514 0.001027 0.000817 0.000650
-174.800 0.013512 0.001070 0.000852 0.000677
-174.600 0.013511 0.001111 0.000884 0.000703
-174.400 0.013509 0.001154 0.000918 0.000730
-174.200 0.013508 0.001196 0.000952 0.000757
-174.000 0.013506 0.001238 0.000985 0.000783
-173.800 0.013504 0.001281 0.001020 0.000811
-173.600 0.013502 0.001324 0.001053 0.000837
-173.400 0.013501 0.001365 0.001086 0.000863
-173.200 0.013499 0.001409 0.001121 0.000892
-173.000 0.013497 0.001450 0.001154 0.000918
-172.800 0.013495 0.001493 0.001188 0.000945
-172.600 0.013492 0.001536 0.001222 0.000972
-172.400 0.013490 0.001578 0.001256 0.000998
-172.200 0.013488 0.001621 0.001290 0.001026
-172.000 0.013486 0.001663 0.001324 0.001053
-171.800 0.013483 0.001706 0.001358 0.001080
-171.600 0.013481 0.001750 0.001393 0.001108
-171.400 0.013479 0.001792 0.001427 0.001134
-171.200 0.013476 0.001834 0.001460 0.001161
-171.000 0.013473 0.001878 0.001495 0.001189
-170.800 0.013471 0.001922 0.001530 0.001216
-170.600 0.013468 0.001964 0.001563 0.001243
-170.400 0.013465 0.002007 0.001597 0.001270
-170.200 0.013463 0.002051 0.001632 0.001298
-170.000 0.013460 0.002094 0.001667 0.001326
-169.800 0.013457 0.002136 0.001701 0.001353
-169.600 0.013454 0.002180 0.001735 0.001380
-169.400 0.013451 0.002224 0.001771 0.001408
-169.200 0.013448 0.002266 0.001804 0.001435
-169.000 0.013445 0.002311 0.001840 0.001463
-168.800 0.013441 0.002355 0.001875 0.001491
-168.600 0.013438 0.002398 0.001909 0.001518
-168.400 0.013435 0.002442 0.001944 0.001546
-168.200 0.013431 0.002485 0.001979 0.001574
-168.000 0.013428 0.002529 0.002014 0.001602
-167.800 0.013424 0.002573 0.002049 0.001630
-167.600 0.013421 0.002617 0.002084 0.001658
-167.400 0.013417 0.002662 0.002119 0.001686
-167.200 0.013414 0.002706 0.002155 0.001714
-167.000 0.013410 0.002750 0.002190 0.001742
-166.800 0.013406 0.002794 0.002225 0.001770
-166.600 0.013402 0.002838 0.002260 0.001798
-166.400 0.013398 0.002884 0.002297 0.001827
-166.200 0.013394 0.002927 0.002331 0.001855
-166.000 0.013390 0.002972 0.002367 0.001884
-165.800 0.013386 0.003017 0.002403 0.001912
-165.600 0.013382 0.003061 0.002438 0.001940
-165.400 0.013378 0.003108 0.002476 0.001970
-165.200 0.013374 0.003152 0.002511 0.001998
-165.000 0.013369 0.003196 0.002546 0.002026
-164.800 0.013365 0.003243 0.002583 0.002056
-164.600 0.013361 0.003287 0.002619 0.002084
-164.400 0.013356 0.003333 0.002655 0.002113
-164.200 0.013352 0.003378 0.002691 0.002142
-164.000 0.013347 0.003424 0.002728 0.002171
-163.800 0.013342 0.003469 0.002764 0.002200
-163.600 0.013338 0.003516 0.002801 0.002230
-163.400 0.013333 0.003561 0.002837 0.002259
-163.200 0.013328 0.003608 0.002875 0.002288
-163.000 0.013323 0.003653 0.002911 0.002317
-162.800 0.013318 0.003699 0.002947 0.002346
-162.600 0.013313 0.003746 0.002985 0.002376
-162.400 0.013308 0.003792 0.003022 0.002406
-162.200 0.013303 0.003838 0.003059 0.002436
-162.000 0.013298 0.003885 0.003096 0.002465
-161.800 0.013293 0.003932 0.003134 0.002495
-161.600 0.013288 0.003979 0.003172 0.002526
-161.400 0.013282 0.004025 0.003208 0.002555
-161.200 0.013277 0.004072 0.003246 0.002585
-161.000 0.013271 0.004121 0.003285 0.002616
-160.800 0.013266 0.004167 0.003322 0.002645
-160.600 0.013260 0.004215 0.003360 0.002676
-160.400 0.013255 0.004262 0.003398 0.002707
-160.200 0.013249 0.004310 0.003437 0.002737
-160.000 0.013243 0.004357 0.003474 0.002767
-159.800 0.013237 0.004406 0.003513 0.002799
-159.600 0.013232 0.004453 0.003551 0.002829
-159.400 0.013226 0.004503 0.003591 0.002861
-159.200 0.013220 0.004550 0.003629 0.002891
-159.000 0.013214 0.004598 0.003667 0.002922
-158.800 0.013208 0.004647 0.003706 0.002953
-158.600 0.013201 0.004697 0.003746 0.002985
-158.400 0.013195 0.004745 0.003785 0.003016
-158.200 0.013189 0.004793 0.003823 0.003047
-158.000 0.013183 0.004843 0.003863 0.003079
-157.800 0.013176 0.004892 0.003903 0.003110
-157.600 0.013170 0.004941 0.003942 0.003142
-157.400 0.013163 0.004992 0.003983 0.003174
-157.200 0.013157 0.005041 0.004022 0.003206
-157.000 0.013150 0.005091 0.004062 0.003238
-156.800 0.013144 0.005141 0.004102 0.003270
-156.600 0.013137 0.005191 0.004142 0.003302
-156.400 0.013130 0.005242 0.004183 0.003335
-156.200 0.013123 0.005291 0.004222 0.003366
-156.000 0.013116 0.005343 0.004264 0.003400
-155.800 0.013110 0.005394 0.004305 0.003433
-155.600 0.013103 0.005444 0.004345 0.003465
-155.400 0.013095 0.005495 0.004386 0.003498
-155.200 0.013088 0.005547 0.004428 0.003531
-155.000 0.013081 0.005598 0.004469 0.003564
-154.800 0.013074 0.005650 0.004511 0.003597
-154.600 0.013067 0.005702 0.004553 0.003631
-154.400 0.013059 0.005753 0.004594 0.003664
-154.200 0.013052 0.005806 0.004636 0.003698
-154.000 0.013045 0.005859 0.004678 0.003732
-153.800 0.013037 0.005910 0.004719 0.003765
-153.600 0.013029 0.005963 0.004762 0.003799
-153.400 0.013022 0.006017 0.004806 0.003834
-153.200 0.013014 0.006069 0.004847 0.003868
-153.000 0.013006 0.006122 0.004890 0.003902
-152.800 0.012999 0.006175 0.004933 0.003937
-152.600 0.012991 0.006229 0.004976 0.003971
-152.400 0.012983 0.006282 0.005019 0.004006
-152.200 0.012975 0.006338 0.005064 0.004042
-152.000 0.012967 0.006391 0.005106 0.004076
-151.800 0.012959 0.006445 0.005150 0.004111
-151.600 0.012951 0.006500 0.005194 0.004146
-151.400 0.012943 0.006555 0.005239 0.004182
-151.200 0.012934 0.006609 0.005282 0.004217
-151.000 0.012926 0.006664 0.005326 0.004253
-150.800 0.012918 0.006720 0.005371 0.004289
-150.600 0.012909 0.006776 0.005416 0.004325
-150.400 0.012901 0.006832 0.005461 0.004362
-150.200 0.012892 0.006887 0.005506 0.004398
-150.000 0.012884 0.006943 0.005551 0.004434
-149.800 0.012875 0.007000 0.005597 0.004471
-149.600 0.012866 0.007056 0.005642 0.004507
-149.400 0.012858 0.007113 0.005688 0.004544
-149.200 0.012849 0.007170 0.005734 0.004581
-149.000 0.012840 0.007227 0.005780 0.004618
-148.800 0.012831 0.007284 0.005826 0.004656
-148.600 0.012822 0.007343 0.005873 0.004693
-148.400 0.012813 0.007402 0.005921 0.004732
-148.200 0.012804 0.007457 0.005966 0.004768
-148.000 0.012795 0.007518 0.006015 0.004807
-147.800 0.012785 0.007575 0.006061 0.004845
-147.600 0.012776 0.007634 0.006109 0.004883
-147.400 0.012767 0.007695 0.006158 0.004923
-147.200 0.012758 0.007752 0.006204 0.004960
-147.000 0.012748 0.007813 0.006253 0.005000
-146.800 0.012739 0.007871 0.006300 0.005038
-146.600 0.012729 0.007932 0.006350 0.005078
-146.400 0.012719 0.007993 0.006399 0.005117
-146.200 0.012710 0.008053 0.006447 0.005157
-146.000 0.012700 0.008114 0.006496 0.005196
-145.800 0.012690 0.008175 0.006546 0.005236
-145.600 0.012681 0.008236 0.006595 0.005276
-145.400 0.012671 0.008298 0.006645 0.005317
-145.200 0.012661 0.008360 0.006696 0.005357
-145.000 0.012651 0.008422 0.006745 0.005397
-144.800 0.012641 0.008484 0.006796 0.005438
-144.600 0.012631 0.008547 0.006847 0.005480
-144.400 0.012620 0.008610 0.006898 0.005521
-144.200 0.012610 0.008673 0.006949 0.005562
-144.000 0.012600 0.008737 0.007000 0.005604
-143.800 0.012590 0.008800 0.007052 0.005645
-143.600 0.012579 0.008864 0.007104 0.005688
-143.400 0.012569 0.008929 0.007156 0.005730
-143.200 0.012558 0.008994 0.007209 0.005773
-143.000 0.012548 0.009057 0.007260 0.005814
-142.800 0.012537 0.009123 0.007314 0.005858
-142.600 0.012527 0.009189 0.007367 0.005901
-142.400 0.012516 0.009254 0.007420 0.005944
-142.200 0.012505 0.009321 0.007474 0.005988
-142.000 0.012494 0.009386 0.007527 0.006031
-141.800 0.012483 0.009453 0.007581 0.006075
-141.600 0.012473 0.009520 0.007636 0.006119
-141.400 0.012462 0.009588 0.007692 0.006164
-141.200 0.012451 0.009654 0.007745 0.006207
-141.000 0.012439 0.009724 0.007802 0.006253
-140.800 0.012428 0.009791 0.007856 0.006298
-140.600 0.012417 0.009858 0.007911 0.006342
-140.400 0.012406 0.009930 0.007969 0.006389
-140.200 0.012395 0.009998 0.008024 0.006434
-140.000 0.012383 0.010067 0.008080 0.006479
-139.800 0.012372 0.010137 0.008138 0.006526
-139.600 0.012360 0.010208 0.008195 0.006573
-139.400 0.012349 0.010279 0.008253 0.006620
-139.200 0.012337 0.010348 0.008309 0.006666
-139.000 0.012326 0.010420 0.008368 0.006713
-138.800 0.012314 0.010491 0.008426 0.006760
-138.600 0.012302 0.010563 0.008484 0.006808
-138.400 0.012290 0.010636 0.008544 0.006856
-138.200 0.012278 0.010708 0.008602 0.006904
-138.000 0.012266 0.010781 0.008662 0.006953
-137.800 0.012255 0.010855 0.008722 0.007001
-137.600 0.012243 0.010927 0.008781 0.007049
-137.400 0.012230 0.011002 0.008842 0.007099
-137.200 0.012218 0.011077 0.008903 0.007149
-137.000 0.012206 0.011151 0.008964 0.007198
-136.800 0.012194 0.011226 0.009025 0.007248
-136.600 0.012182 0.011302 0.009087 0.007299
-136.400 0.012169 0.011378 0.009148 0.007349
-136.200 0.012157 0.011453 0.009210 0.007399
-136.000 0.012144 0.011532 0.009274 0.007452
-135.800 0.012132 0.011608 0.009336 0.007502
-135.600 0.012119 0.011685 0.009399 0.007553
-135.400 0.012107 0.011763 0.009463 0.007606
-135.200 0.012094 0.011843 0.009528 0.007659
-135.000 0.012081 0.011919 0.009591 0.007710
-134.800 0.012069 0.011998 0.009655 0.007762
-134.600 0.012056 0.012079 0.009722 0.007817
-134.400 0.012043 0.012160 0.009788 0.007870
-134.200 0.012030 0.012237 0.009851 0.007922
-134.000 0.012017 0.012319 0.009918 0.007977
-133.800 0.012004 0.012402 0.009986 0.008032
-133.600 0.011991 0.012481 0.010050 0.008085
-133.400 0.011978 0.012566 0.010120 0.008142
-133.200 0.011965 0.012646 0.010185 0.008196
-133.000 0.011951 0.012729 0.010254 0.008251
-132.800 0.011938 0.012813 0.010322 0.008308
-132.600 0.011925 0.012896 0.010390 0.008363
-132.400 0.011911 0.012982 0.010461 0.008421
-132.200 0.011898 0.013065 0.010529 0.008477
-132.000 0.011884 0.013150 0.010599 0.008534
-131.800 0.011871 0.013236 0.010669 0.008592
-131.600 0.011857 0.013322 0.010740 0.008650
-131.400 0.011843 0.013410 0.010812 0.008708
-131.200 0.011830 0.013496 0.010882 0.008766
-131.000 0.011816 0.013583 0.010954 0.008825
-130.800 0.011802 0.013672 0.011026 0.008885
-130.600 0.011788 0.013759 0.011099 0.008944
-130.400 0.011774 0.013850 0.011173 0.009005
-130.200 0.011760 0.013938 0.011246 0.009064
-130.000 0.011746 0.014028 0.011319 0.009125
-129.800 0.011732 0.014118 0.011393 0.009185
-129.600 0.011718 0.014208 0.011468 0.009247
-129.400 0.011704 0.014302 0.011545 0.009310
-129.200 0.011690 0.014393 0.011620 0.009371
-129.000 0.011675 0.014486 0.011696 0.009434
-128.800 0.011661 0.014579 0.011772 0.009497
-128.600 0.011647 0.014670 0.011848 0.009559
-128.400 0.011632 0.014767 0.011927 0.009624
-128.200 0.011618 0.014861 0.012005 0.009688
-128.000 0.011603 0.014955 0.012082 0.009751
-127.800 0.011589 0.015051 0.012161 0.009817
-127.600 0.011574 0.015148 0.012241 0.009883
-127.400 0.011559 0.015245 0.012321 0.009948
-127.200 0.011545 0.015342 0.012401 0.010014
-127.000 0.011530 0.015439 0.012481 0.010080
-126.800 0.011515 0.015539 0.012563 0.010148
-126.600 0.011500 0.015638 0.012645 0.010215
-126.400 0.011485 0.015736 0.012726 0.010282
-126.200 0.011470 0.015839 0.012811 0.010352
-126.000 0.011455 0.015936 0.012891 0.010418
-125.800 0.011440 0.016040 0.012977 0.010489
-125.600 0.011425 0.016141 0.013061 0.010558
-125.400 0.011410 0.016244 0.013146 0.010628
-125.200 0.011394 0.016346 0.013230 0.010697
-125.000 0.011379 0.016452 0.013317 0.010769
-124.800 0.011364 0.016554 0.013402 0.010839
-124.600 0.011348 0.016661 0.013490 0.010912
-124.400 0.011333 0.016765 0.013576 0.010983
-124.200 0.011317 0.016873 0.013666 0.011057
-124.000 0.011302 0.016979 0.013754 0.011130
-123.800 0.011286 0.017087 0.013843 0.011204
-123.600 0.011271 0.017195 0.013932 0.011278
-123.400 0.011255 0.017304 0.014022 0.011352
-123.200 0.011239 0.017414 0.014113 0.011427
-123.000 0.011223 0.017523 0.014204 0.011502
-122.800 0.011207 0.017635 0.014296 0.011579
-122.600 0.011192 0.017746 0.014389 0.011655
-122.400 0.011176 0.017859 0.014482 0.011733
-122.200 0.011160 0.017972 0.014576 0.011810
-122.000 0.011144 0.018085 0.014670 0.011888
-121.800 0.011128 0.018200 0.014765 0.011967
-121.600 0.011111 0.018314 0.014860 0.012046
-121.400 0.011095 0.018430 0.014956 0.012125
-121.200 0.011079 0.018548 0.015054 0.012207
-121.000 0.011063 0.018662 0.015149 0.012285
-120.800 0.011046 0.018782 0.015249 0.012368
-120.600 0.011030 0.018901 0.015348 0.012450
-120.400 0.011014 0.019020 0.015446 0.012532
-120.200 0.010997 0.019140 0.015546 0.012615
-120.000 0.010981 0.019261 0.015647 0.012698
-119.800 0.010964 0.019382 0.015748 0.012782
-119.600 0.010948 0.019507 0.015851 0.012868
-119.400 0.010931 0.019628 0.015952 0.012952
-119.200 0.010914 0.019753 0.016056 0.013038
-119.000 0.010898 0.019877 0.016159 0.013124
-118.800 0.010881 0.020003 0.016264 0.013211
-118.600 0.010864 0.020131 0.016371 0.013300
-118.400 0.010847 0.020256 0.016475 0.013387
-118.200 0.010830 0.020385 0.016583 0.013476
-118.000 0.010813 0.020511 0.016688 0.013564
-117.800 0.010796 0.020643 0.016798 0.013656
-117.600 0.010779 0.020774 0.016907 0.013746
-117.400 0.010762 0.020906 0.017017 0.013838
-117.200 0.010745 0.021037 0.017127 0.013929
-117.000 0.010728 0.021171 0.017238 0.014022
-116.800 0.010710 0.021304 0.017350 0.014115
-116.600 0.010693 0.021439 0.017462 0.014209
-116.400 0.010676 0.021574 0.017575 0.014304
-116.200 0.010658 0.021712 0.017691 0.014400
-116.000 0.010641 0.021848 0.017804 0.014494
-115.800 0.010624 0.021988 0.017921 0.014592
-115.600 0.010606 0.022126 0.018037 0.014689
-115.400 0.010589 0.022267 0.018155 0.014787
-115.200 0.010571 0.022407 0.018272 0.014885
-115.000 0.010553 0.022551 0.018392 0.014986
-114.800 0.010536 0.022691 0.018509 0.015084
-114.600 0.010518 0.022839 0.018633 0.015187
-114.400 0.010500 0.022982 0.018753 0.015287
-114.200 0.010482 0.023128 0.018876 0.015390
-114.000 0.010464 0.023274 0.018998 0.015492
-113.800 0.010447 0.023423 0.019122 0.015596
-113.600 0.010429 0.023573 0.019248 0.015702
-113.400 0.010411 0.023720 0.019372 0.015806
-113.200 0.010393 0.023874 0.019501 0.015914
-113.000 0.010375 0.024023 0.019626 0.016018
-112.800 0.010356 0.024177 0.019755 0.016126
-112.600 0.010338 0.024333 0.019886 0.016236
-112.400 0.010320 0.024485 0.020014 0.016344
-112.200 0.010302 0.024643 0.020147 0.016455
-112.000 0.010284 0.024800 0.020279 0.016566
-111.800 0.010265 0.024957 0.020410 0.016676
-111.600 0.010247 0.025119 0.020547 0.016791
-111.400 0.010228 0.025277 0.020680 0.016902
-111.200 0.010210 0.025438 0.020816 0.017016
-111.000 0.010192 0.025602 0.020954 0.017132
-110.800 0.010173 0.025767 0.021092 0.017248
-110.600 0.010154 0.025931 0.021230 0.017365
-110.400 0.010136 0.026096 0.021369 0.017482
-110.200 0.010117 0.026263 0.021510 0.017600
-110.000 0.010098 0.026434 0.021654 0.017721
-109.800 0.010080 0.026601 0.021795 0.017840
-109.600 0.010061 0.026772 0.021939 0.017961
-109.400 0.010042 0.026945 0.022085 0.018084
-109.200 0.010023 0.027118 0.022231 0.018207
-109.000 0.010004 0.027292 0.022378 0.018330
-108.800 0.009986 0.027468 0.022526 0.018455
-108.600 0.009967 0.027645 0.022676 0.018581
-108.400 0.009948 0.027823 0.022826 0.018709
-108.200 0.009929 0.028002 0.022977 0.018836
-108.000 0.009909 0.028182 0.023130 0.018965
-107.800 0.009890 0.028366 0.023285 0.019095
-107.600 0.009871 0.028548 0.023439 0.019225
-107.400 0.009852 0.028731 0.023594 0.019356
-107.200 0.009833 0.028921 0.023754 0.019492
-107.000 0.009813 0.029105 0.023910 0.019623
-106.800 0.009794 0.029294 0.024071 0.019759
-106.600 0.009775 0.029485 0.024232 0.019895
-106.400 0.009755 0.029676 0.024394 0.020032
-106.200 0.009736 0.029870 0.024558 0.020171
-106.000 0.009717 0.030060 0.024719 0.020308
-105.800 0.009697 0.030258 0.024887 0.020450
-105.600 0.009678 0.030455 0.025054 0.020591
-105.400 0.009658 0.030653 0.025222 0.020733
-105.200 0.009638 0.030853 0.025392 0.020877
-105.000 0.009619 0.031054 0.025562 0.021021
-104.800 0.009599 0.031256 0.025734 0.021167
-104.600 0.009579 0.031462 0.025909 0.021315
-104.400 0.009560 0.031667 0.026083 0.021463
-104.200 0.009540 0.031875 0.026259 0.021612
-104.000 0.009520 0.032081 0.026435 0.021762
-103.800 0.009500 0.032294 0.026616 0.021915
-103.600 0.009480 0.032505 0.026796 0.022067
-103.400 0.009460 0.032719 0.026978 0.022222
-103.200 0.009441 0.032935 0.027161 0.022378
-103.000 0.009421 0.033148 0.027343 0.022532
-102.800 0.009401 0.033369 0.027531 0.022692
-102.600 0.009380 0.033589 0.027719 0.022852
-102.400 0.009360 0.033808 0.027905 0.023011
-102.200 0.009340 0.034035 0.028099 0.023175
-102.000 0.009320 0.034257 0.028288 0.023336
-101.800 0.009300 0.034483 0.028481 0.023501
-101.600 0.009280 0.034715 0.028679 0.023669
-101.400 0.009259 0.034941 0.028872 0.023833
-101.200 0.009239 0.035176 0.029072 0.024004
-101.000 0.009219 0.035407 0.029270 0.024172
-100.800 0.009199 0.035643 0.029471 0.024344
-100.600 0.009178 0.035882 0.029675 0.024518
-100.400 0.009158 0.036119 0.029877 0.024691
-100.200 0.009137 0.036359 0.030083 0.024866
-100.000 0.009117 0.036605 0.030293 0.025046
-99.800 0.009096 0.036845 0.030499 0.025221
-99.600 0.009076 0.037095 0.030713 0.025404
-99.400 0.009055 0.037339 0.030922 0.025583
-99.200 0.009035 0.037593 0.031139 0.025768
-99.000 0.009014 0.037844 0.031354 0.025952
-98.800 0.008993 0.038098 0.031572 0.026138
-98.600 0.008973 0.038354 0.031791 0.026326
-98.400 0.008952 0.038611 0.032012 0.026515
-98.200 0.008931 0.038872 0.032235 0.026706
-98.000 0.008911 0.039132 0.032459 0.026898
-97.800 0.008890 0.039398 0.032687 0.027092
-97.600 0.008869 0.039663 0.032915 0.027288
-97.400 0.008848 0.039930 0.033144 0.027484
-97.200 0.008827 0.040204 0.033379 0.027686
-97.000 0.008806 0.040474 0.033611 0.027885
-96.800 0.008786 0.040748 0.033847 0.028088
-96.600 0.008765 0.041025 0.034085 0.028292
-96.400 0.008744 0.041303 0.034324 0.028497
-96.200 0.008723 0.041587 0.034569 0.028707
-96.000 0.008702 0.041868 0.034811 0.028915
-95.800 0.008680 0.042154 0.035057 0.029126
-95.600 0.008659 0.042442 0.035305 0.029340
-95.400 0.008638 0.042734 0.035556 0.029555
-95.200 0.008617 0.043026 0.035808 0.029772
-95.000 0.008596 0.043317 0.036059 0.029988
-94.800 0.008575 0.043617 0.036318 0.030211
-94.600 0.008554 0.043918 0.036577 0.030434
-94.400 0.008532 0.044217 0.036836 0.030657
-94.200 0.008511 0.044524 0.037101 0.030885
-94.000 0.008490 0.044830 0.037365 0.031113
-93.800 0.008469 0.045138 0.037631 0.031342
-93.600 0.008447 0.045450 0.037901 0.031575
-93.400 0.008426 0.045767 0.038175 0.031811
-93.200 0.008404 0.046081 0.038446 0.032045
-93.000 0.008383 0.046402 0.038724 0.032285
-92.800 0.008362 0.046724 0.039002 0.032526
-92.600 0.008340 0.047049 0.039284 0.032769
-92.400 0.008319 0.047375 0.039567 0.033013
-92.200 0.008297 0.047707 0.039854 0.033261
-92.000 0.008276 0.048036 0.040139 0.033508
-91.800 0.008254 0.048374 0.040432 0.033762
-91.600 0.008233 0.048714 0.040727 0.034016
-91.400 0.008211 0.049052 0.041021 0.034271
-91.200 0.008190 0.049399 0.041321 0.034531
-91.000 0.008168 0.049742 0.041620 0.034789
-90.800 0.008146 0.050091 0.041923 0.035052
-90.600 0.008125 0.050448 0.042233 0.035320
-90.400 0.008103 0.050802 0.042540 0.035587
-90.200 0.008081 0.051162 0.042853 0.035858
-90.000 0.008060 0.051521 0.043165 0.036129
-89.800 0.008038 0.051883 0.043480 0.036403
-89.600 0.008016 0.052256 0.043805 0.036685
-89.400 0.007994 0.052624 0.044125 0.036963
-89.200 0.007973 0.053000 0.044452 0.037247
-89.000 0.007951 0.053370 0.044775 0.037528
-88.800 0.007929 0.053754 0.045109 0.037818
-88.600 0.007907 0.054141 0.045447 0.038112
-88.400 0.007885 0.054521 0.045779 0.038401
-88.200 0.007863 0.054914 0.046121 0.038699
-88.000 0.007842 0.055307 0.046464 0.038997
-87.800 0.007820 0.055701 0.046808 0.039297
-87.600 0.007798 0.056105 0.047161 0.039604
-87.400 0.007776 0.056506 0.047511 0.039910
-87.200 0.007754 0.056912 0.047867 0.040219
-87.000 0.007732 0.057322 0.048224 0.040532
-86.800 0.007710 0.057738 0.048588 0.040849
-86.600 0.007688 0.058152 0.048951 0.041166
-86.400 0.007666 0.058575 0.049321 0.041489
-86.200 0.007644 0.058998 0.049692 0.041813
-86.000 0.007622 0.059424 0.050065 0.042139
-85.800 0.007600 0.059858 0.050445 0.042471
-85.600 0.007578 0.060293 0.050827 0.042805
-85.400 0.007556 0.060732 0.051211 0.043141
-85.200 0.007534 0.061177 0.051602 0.043483
-85.000 0.007512 0.061622 0.051992 0.043825
-84.800 0.007490 0.062072 0.052387 0.044171
-84.600 0.007468 0.062530 0.052790 0.044523
-84.400 0.007445 0.062987 0.053191 0.044875
-84.200 0.007423 0.063451 0.053598 0.045232
-84.000 0.007401 0.063915 0.054007 0.045591
-83.800 0.007379 0.064385 0.054420 0.045953
-83.600 0.007357 0.064865 0.054843 0.046324
-83.400 0.007335 0.065340 0.055261 0.046691
-83.200 0.007312 0.065825 0.055688 0.047066
-83.000 0.007290 0.066312 0.056117 0.047443
-82.800 0.007268 0.066805 0.056551 0.047824
-82.600 0.007246 0.067302 0.056990 0.048210
-82.400 0.007224 0.067800 0.057428 0.048596
-82.200 0.007201 0.068308 0.057877 0.048991
-82.000 0.007179 0.068817 0.058326 0.049386
-81.800 0.007157 0.069332 0.058780 0.049786
-81.600 0.007135 0.069851 0.059239 0.050190
-81.400 0.007113 0.070373 0.059700 0.050597
-81.200 0.007090 0.070902 0.060168 0.051009
-81.000 0.007068 0.071433 0.060638 0.051424
-80.800 0.007046 0.071974 0.061116 0.051846
-80.600 0.007023 0.072517 0.061597 0.052270
-80.400 0.007001 0.073062 0.062079 0.052696
-80.200 0.006979 0.073619 0.062572 0.053131
-80.000 0.006957 0.074169 0.063060 0.053563
-79.800 0.006934 0.074738 0.063564 0.054008
-79.600 0.006912 0.075305 0.064067 0.054453
-79.400 0.006890 0.075872 0.064570 0.054899
-79.200 0.006867 0.076458 0.065090 0.055358
-79.000 0.006845 0.077036 0.065604 0.055813
-78.800 0.006823 0.077624 0.066126 0.056276
-78.600 0.006800 0.078223 0.066658 0.056747
-78.400 0.006778 0.078820 0.067189 0.057218
-78.200 0.006756 0.079426 0.067727 0.057696
-78.000 0.006734 0.080035 0.068269 0.058176
-77.800 0.006711 0.080651 0.068817 0.058663
-77.600 0.006689 0.081275 0.069373 0.059156
-77.400 0.006667 0.081899 0.069929 0.059650
-77.200 0.006644 0.082538 0.070498 0.060156
-77.000 0.006622 0.083174 0.071065 0.060660
-76.800 0.006600 0.083818 0.071639 0.061171
-76.600 0.006577 0.084472 0.072223 0.061690
-76.400 0.006555 0.085129 0.072809 0.062212
-76.200 0.006533 0.085792 0.073402 0.062740
-76.000 0.006510 0.086462 0.074000 0.063272
-75.800 0.006488 0.087137 0.074603 0.063810
-75.600 0.006466 0.087821 0.075215 0.064355
-75.400 0.006443 0.088510 0.075831 0.064905
-75.200 0.006421 0.089202 0.076450 0.065458
-75.000 0.006399 0.089906 0.077081 0.066020
-74.800 0.006377 0.090615 0.077715 0.066587
-74.600 0.006354 0.091327 0.078353 0.067157
-74.400 0.006332 0.092050 0.079001 0.067736
-74.200 0.006310 0.092784 0.079659 0.068325
-74.000 0.006287 0.093513 0.080314 0.068910
-73.800 0.006265 0.094255 0.080979 0.069506
-73.600 0.006243 0.095010 0.081657 0.070113
-73.400 0.006221 0.095761 0.082332 0.070717
-73.200 0.006198 0.096532 0.083024 0.071337
-73.000 0.006176 0.097297 0.083713 0.071955
-72.800 0.006154 0.098074 0.084411 0.072581
-72.600 0.006132 0.098869 0.085127 0.073223
-72.400 0.006109 0.099655 0.085835 0.073859
-72.200 0.006087 0.100457 0.086556 0.074507
-72.000 0.006065 0.101271 0.087290 0.075166
-71.800 0.006043 0.102083 0.088022 0.075823
-71.600 0.006021 0.102910 0.088767 0.076494
-71.400 0.005998 0.103740 0.089516 0.077168
-71.200 0.005976 0.104582 0.090276 0.077852
-71.000 0.005954 0.105431 0.091043 0.078542
-70.800 0.005932 0.106286 0.091816 0.079238
-70.600 0.005910 0.107151 0.092597 0.079942
-70.400 0.005888 0.108030 0.093392 0.080659
-70.200 0.005866 0.108913 0.094190 0.081379
-70.000 0.005844 0.109794 0.094989 0.082099
-69.800 0.005821 0.110700 0.095808 0.082839
-69.600 0.005799 0.111609 0.096632 0.083583
-69.400 0.005777 0.112529 0.097465 0.084336
-69.200 0.005755 0.113452 0.098302 0.085093
-69.000 0.005733 0.114381 0.099145 0.085856
-68.800 0.005711 0.115336 0.100011 0.086639
-68.600 0.005689 0.116285 0.100873 0.087419
-68.400 0.005667 0.117247 0.101747 0.088211
-68.200 0.005645 0.118226 0.102636 0.089016
-68.000 0.005623 0.119201 0.103523 0.089820
-67.800 0.005601 0.120193 0.104425 0.090638
-67.600 0.005579 0.121204 0.105345 0.091472
-67.400 0.005557 0.122206 0.106258 0.092301
-67.200 0.005535 0.123238 0.107198 0.093154
-67.000 0.005514 0.124262 0.108131 0.094002
-66.800 0.005492 0.125303 0.109080 0.094865
-66.600 0.005470 0.126367 0.110050 0.095747
-66.400 0.005448 0.127416 0.111008 0.096619
-66.200 0.005426 0.128500 0.111997 0.097519
-66.000 0.005404 0.129583 0.112987 0.098420
-65.800 0.005383 0.130673 0.113983 0.099328
-65.600 0.005361 0.131785 0.114999 0.100254
-65.400 0.005339 0.132904 0.116023 0.101188
-65.200 0.005317 0.134031 0.117055 0.102129
-65.000 0.005296 0.135171 0.118099 0.103082
-64.800 0.005274 0.136319 0.119151 0.104043
-64.600 0.005252 0.137487 0.120221 0.105020
-64.400 0.005231 0.138663 0.121299 0.106006
-64.200 0.005209 0.139850 0.122388 0.107002
-64.000 0.005187 0.141045 0.123485 0.108006
-63.800 0.005166 0.142258 0.124598 0.109025
-63.600 0.005144 0.143485 0.125725 0.110057
-63.400 0.005123 0.144714 0.126856 0.111093
-63.200 0.005101 0.145967 0.128008 0.112150
-63.000 0.005080 0.147233 0.129173 0.113217
-62.800 0.005058 0.148501 0.130340 0.114289
-62.600 0.005037 0.149791 0.131528 0.115380
-62.400 0.005015 0.151086 0.132722 0.116477
-62.200 0.004994 0.152404 0.133937 0.117593
-62.000 0.004973 0.153735 0.135164 0.118721
-61.800 0.004951 0.155071 0.136397 0.119856
-61.600 0.004930 0.156427 0.137650 0.121008
-61.400 0.004909 0.157789 0.138908 0.122167
-61.200 0.004887 0.159178 0.140192 0.123350
-61.000 0.004866 0.160574 0.141482 0.124539
-60.800 0.004845 0.161986 0.142789 0.125745
-60.600 0.004824 0.163409 0.144106 0.126960
-60.400 0.004803 0.164845 0.145436 0.128188
-60.200 0.004782 0.166306 0.146790 0.129438
-60.000 0.004760 0.167774 0.148151 0.130696
-59.800 0.004739 0.169263 0.149532 0.131973
-59.600 0.004718 0.170759 0.150921 0.133258
-59.400 0.004697 0.172278 0.152331 0.134563
-59.200 0.004676 0.173811 0.153755 0.135882
-59.000 0.004655 0.175351 0.155187 0.137209
-58.800 0.004634 0.176918 0.156644 0.138559
-58.600 0.004614 0.178504 0.158120 0.139927
-58.400 0.004593 0.180097 0.159604 0.141304
-58.200 0.004572 0.181706 0.161103 0.142696
-58.000 0.004551 0.183339 0.162624 0.144110
-57.800 0.004530 0.184988 0.164162 0.145538
-57.600 0.004510 0.186653 0.165715 0.146983
-57.400 0.004489 0.188325 0.167277 0.148436
-57.200 0.004468 0.190040 0.168877 0.149926
-57.000 0.004448 0.191745 0.170472 0.151411
-56.800 0.004427 0.193485 0.172098 0.152926
-56.600 0.004406 0.195237 0.173737 0.154454
-56.400 0.004386 0.197002 0.175389 0.155996
-56.200 0.004365 0.198797 0.177070 0.157565
-56.000 0.004345 0.200606 0.178765 0.159147
-55.800 0.004325 0.202432 0.180477 0.160747
-55.600 0.004304 0.204276 0.182207 0.162365
-55.400 0.004284 0.206143 0.183959 0.164004
-55.200 0.004264 0.208028 0.185730 0.165661
-55.000 0.004243 0.209936 0.187523 0.167340
-54.800 0.004223 0.211858 0.189330 0.169033
-54.600 0.004203 0.213804 0.191161 0.170749
-54.400 0.004183 0.215769 0.193010 0.172484
-54.200 0.004163 0.217754 0.194879 0.174238
-54.000 0.004143 0.219768 0.196776 0.176019
-53.800 0.004122 0.221796 0.198689 0.177816
-53.600 0.004102 0.223839 0.200617 0.179628
-53.400 0.004083 0.225908 0.202569 0.181465
-53.200 0.004063 0.228007 0.204551 0.183330
-53.000 0.004043 0.230122 0.206550 0.185212
-52.800 0.004023 0.232262 0.208573 0.187118
-52.600 0.004003 0.234413 0.210608 0.189037
-52.400 0.003983 0.236595 0.212674 0.190986
-52.200 0.003964 0.238811 0.214772 0.192965
-52.000 0.003944 0.241031 0.216876 0.194953
-51.800 0.003924 0.243284 0.219013 0.196972
-51.600 0.003905 0.245562 0.221174 0.199015
-51.400 0.003885 0.247853 0.223350 0.201073
-51.200 0.003866 0.250185 0.225564 0.203169
-51.000 0.003846 0.252537 0.227799 0.205285
-50.800 0.003827 0.254902 0.230049 0.207417
-50.600 0.003807 0.257299 0.232330 0.209581
-50.400 0.003788 0.259717 0.234633 0.211765
-50.200 0.003769 0.262170 0.236970 0.213983
-50.000 0.003750 0.264642 0.239326 0.216221
-49.800 0.003730 0.267150 0.241718 0.218494
-49.600 0.003711 0.269666 0.244120 0.220779
-49.400 0.003692 0.272216 0.246555 0.223097
-49.200 0.003673 0.274801 0.249025 0.225448
-49.000 0.003654 0.277401 0.251512 0.227817
-48.800 0.003635 0.280040 0.254036 0.230223
-48.600 0.003616 0.282704 0.256586 0.232655
-48.400 0.003597 0.285379 0.259150 0.235102
-48.200 0.003579 0.288091 0.261749 0.237585
-48.000 0.003560 0.290850 0.264395 0.240112
-47.800 0.003541 0.293614 0.267048 0.242650
-47.600 0.003522 0.296423 0.269745 0.245230
-47.400 0.003504 0.299237 0.272450 0.247819
-47.200 0.003485 0.302111 0.275212 0.250465
-47.000 0.003467 0.304993 0.277986 0.253124
-46.800 0.003448 0.307914 0.280798 0.255821
-46.600 0.003430 0.310859 0.283635 0.258544
-46.400 0.003412 0.313839 0.286508 0.261302
-46.200 0.003393 0.316856 0.289417 0.264098
-46.000 0.003375 0.319889 0.292345 0.266913
-45.800 0.003357 0.322962 0.295313 0.269769
-45.600 0.003339 0.326065 0.298312 0.272655
-45.400 0.003321 0.329187 0.301332 0.275566
-45.200 0.003302 0.332369 0.304410 0.278532
-45.000 0.003284 0.335571 0.307511 0.281523
-44.800 0.003267 0.338786 0.310626 0.284531
-44.600 0.003249 0.342070 0.313809 0.287604
-44.400 0.003231 0.345339 0.316983 0.290672
-44.200 0.003213 0.348688 0.320233 0.293814
-44.000 0.003195 0.352045 0.323495 0.296971
-43.800 0.003178 0.355446 0.326801 0.300172
-43.600 0.003160 0.358864 0.330126 0.303395
-43.400 0.003143 0.362336 0.333506 0.306672
-43.200 0.003125 0.365840 0.336919 0.309983
-43.000 0.003108 0.369360 0.340351 0.313315
-42.800 0.003090 0.372941 0.343844 0.316708
-42.600 0.003073 0.376545 0.347361 0.320127
-42.400 0.003056 0.380169 0.350902 0.323573
-42.200 0.003038 0.383851 0.354500 0.327075
-42.000 0.003021 0.387566 0.358133 0.330614
-41.800 0.003004 0.391318 0.361805 0.334193
-41.600 0.002987 0.395075 0.365487 0.337786
-41.400 0.002970 0.398908 0.369243 0.341451
-41.200 0.002953 0.402769 0.373029 0.345150
-41.000 0.002936 0.406645 0.376835 0.348870
-40.800 0.002920 0.410577 0.380696 0.352647
-40.600 0.002903 0.414548 0.384599 0.356467
-40.400 0.002886 0.418557 0.388542 0.360329
-40.200 0.002870 0.422582 0.392505 0.364214
-40.000 0.002853 0.426664 0.396525 0.368157
-39.800 0.002837 0.430779 0.400581 0.372139
-39.600 0.002820 0.434940 0.404685 0.376169
-39.400 0.002804 0.439115 0.408808 0.380222
-39.200 0.002787 0.443355 0.412996 0.384341
-39.000 0.002771 0.447622 0.417214 0.388494
-38.800 0.002755 0.451930 0.421475 0.392691
-38.600 0.002739 0.456264 0.425767 0.396922
-38.400 0.002723 0.460644 0.430107 0.401204
-38.200 0.002707 0.465078 0.434502 0.405542
-38.000 0.002691 0.469532 0.438922 0.409909
-37.800 0.002675 0.474032 0.443391 0.414328
-37.600 0.002659 0.478566 0.447897 0.418786
-37.400 0.002644 0.483133 0.452439 0.423284
-37.200 0.002628 0.487740 0.457025 0.427827
-37.000 0.002612 0.492416 0.461681 0.432443
-36.800 0.002597 0.497103 0.466353 0.437080
-36.600 0.002581 0.501822 0.471062 0.441757
-36.400 0.002566 0.506581 0.475813 0.446480
-36.200 0.002551 0.511403 0.480630 0.451269
-36.000 0.002535 0.516233 0.485461 0.456079
-35.800 0.002520 0.521135 0.490365 0.460963
-35.600 0.002505 0.526036 0.495274 0.465858
-35.400 0.002490 0.531000 0.500249 0.470822
-35.200 0.002475 0.535995 0.505260 0.475825
-35.000 0.002460 0.541028 0.510314 0.480874
-34.800 0.002445 0.546100 0.515410 0.485971
-34.600 0.002430 0.551202 0.520540 0.491106
-34.400 0.002416 0.556350 0.525721 0.496295
-34.200 0.002401 0.561509 0.530919 0.501507
-34.000 0.002386 0.566768 0.536218 0.506821
-33.800 0.002372 0.571974 0.541473 0.512100
-33.600 0.002357 0.577289 0.546838 0.517490
-33.400 0.002343 0.582593 0.552200 0.522883
-33.200 0.002329 0.587961 0.557629 0.528347
-33.000 0.002314 0.593345 0.563080 0.533839
-32.800 0.002300 0.598772 0.568579 0.539384
-32.600 0.002286 0.604214 0.574099 0.544955
-32.400 0.002272 0.609699 0.579666 0.550578
-32.200 0.002258 0.615236 0.585291 0.556262
-32.000 0.002244 0.620764 0.590914 0.561953
-31.800 0.002231 0.626354 0.596603 0.567713
-31.600 0.002217 0.631964 0.602318 0.573505
-31.400 0.002203 0.637582 0.608048 0.579318
-31.200 0.002190 0.643271 0.613853 0.585211
-31.000 0.002176 0.648956 0.619661 0.591113
-30.800 0.002163 0.654678 0.625512 0.597064
-30.600 0.002149 0.660403 0.631373 0.603032
-30.400 0.002136 0.666198 0.637309 0.609079
-30.200 0.002123 0.671959 0.643218 0.615108
-30.000 0.002110 0.677789 0.649202 0.621216
-29.800 0.002097 0.683617 0.655190 0.627335
-29.600 0.002084 0.689476 0.661217 0.633499
-29.400 0.002071 0.695304 0.667221 0.639649
-29.200 0.002058 0.701250 0.673345 0.645921
-29.000 0.002045 0.707110 0.679394 0.652129
-28.800 0.002032 0.713048 0.685526 0.658425
-28.600 0.002020 0.718959 0.691639 0.664710
-28.400 0.002007 0.724908 0.697796 0.671045
-28.200 0.001995 0.730853 0.703957 0.677391
-28.000 0.001982 0.736833 0.710159 0.683785
-27.800 0.001970 0.742778 0.716334 0.690160
-27.600 0.001958 0.748754 0.722547 0.696579
-27.400 0.001946 0.754725 0.728763 0.703009
-27.200 0.001934 0.760682 0.734971 0.709439
-27.000 0.001922 0.766650 0.741199 0.715896
-26.800 0.001910 0.772629 0.747444 0.722377
-26.600 0.001898 0.778602 0.753691 0.728868
-26.400 0.001886 0.784528 0.759899 0.735328
-26.200 0.001875 0.790497 0.766156 0.741844
-26.000 0.001863 0.796396 0.772354 0.748309
-25.800 0.001851 0.802327 0.778588 0.754817
-25.600 0.001840 0.808207 0.784780 0.761292
-25.400 0.001829 0.814122 0.791015 0.767815
-25.200 0.001817 0.819930 0.797151 0.774250
-25.000 0.001806 0.825795 0.803349 0.780753
-24.800 0.001795 0.831578 0.809475 0.787193
-24.600 0.001784 0.837353 0.815600 0.793639
-24.400 0.001773 0.843084 0.821688 0.800056
-24.200 0.001762 0.848746 0.827716 0.806422
-24.000 0.001751 0.854466 0.833807 0.812856
-23.800 0.001741 0.860029 0.839751 0.819153
-23.600 0.001730 0.865626 0.845734 0.825495
-23.400 0.001719 0.871122 0.851624 0.831754
-23.200 0.001709 0.876559 0.857464 0.837969
-23.000 0.001699 0.881994 0.863307 0.844194
-22.800 0.001688 0.887304 0.869034 0.850312
-22.600 0.001678 0.892606 0.874758 0.856433
-22.400 0.001668 0.897814 0.880396 0.862476
-22.200 0.001658 0.902924 0.885943 0.868435
-22.000 0.001648 0.907973 0.891435 0.874347
-21.800 0.001638 0.912946 0.896857 0.880195
-21.600 0.001628 0.917851 0.902217 0.885988
-21.400 0.001618 0.922649 0.907478 0.891689
-21.200 0.001609 0.927326 0.912624 0.897281
-21.000 0.001599 0.931954 0.917725 0.902835
-20.800 0.001590 0.936404 0.922656 0.908226
-20.600 0.001580 0.940832 0.927569 0.913603
-20.400 0.001571 0.945082 0.932310 0.918816
-20.200 0.001562 0.949267 0.936990 0.923973
-20.000 0.001553 0.953299 0.941523 0.928987
-19.800 0.001544 0.957184 0.945912 0.933865
-19.600 0.001535 0.960952 0.950190 0.938635
-19.400 0.001526 0.964600 0.954351 0.943294
-19.200 0.001517 0.968071 0.958340 0.947784
-19.000 0.001508 0.971476 0.962265 0.952215
-18.800 0.001500 0.974588 0.965902 0.956362
-18.600 0.001491 0.977623 0.969463 0.960438
-18.400 0.001483 0.980511 0.972881 0.964372
-18.200 0.001475 0.983164 0.976067 0.968078
-18.000 0.001466 0.985715 0.979150 0.971684
-17.800 0.001458 0.988032 0.982003 0.975062
-17.600 0.001450 0.990150 0.984658 0.978244
-17.400 0.001442 0.992092 0.987137 0.981252
-17.200 0.001434 0.993838 0.989421 0.984066
-17.000 0.001426 0.995442 0.991563 0.986738
-16.800 0.001418 0.996705 0.993363 0.989069
-16.600 0.001411 0.997828 0.995023 0.991260
-16.400 0.001403 0.998732 0.996461 0.993229
-16.200 0.001396 0.999394 0.997657 0.994955
-16.000 0.001388 0.999761 0.998555 0.996381
-15.800 0.001381 1.000000 0.999323 0.997676
-15.600 0.001374 0.999899 0.999748 0.998625
-15.400 0.001367 0.999629 1.000000 0.999398
-15.200 0.001360 0.999021 0.999910 0.999827
-15.000 0.001353 0.998166 0.999569 1.000000
-14.800 0.001346 0.997093 0.999004 0.999946
-14.600 0.001339 0.995696 0.998110 0.999557
-14.400 0.001332 0.994000 0.996911 0.998859
-14.200 0.001326 0.992035 0.995437 0.997879
-14.000 0.001319 0.989814 0.993699 0.996629
-13.800 0.001313 0.987278 0.991638 0.995050
-13.600 0.001307 0.984402 0.989230 0.993115
-13.400 0.001300 0.981218 0.986505 0.990855
-13.200 0.001294 0.977793 0.983529 0.988338
-13.000 0.001288 0.973937 0.980113 0.985370
-12.800 0.001282 0.969831 0.976437 0.982132
-12.600 0.001276 0.965415 0.972441 0.978564
-12.400 0.001270 0.960647 0.968080 0.974622
-12.200 0.001265 0.955520 0.963349 0.970298
-12.000 0.001259 0.950050 0.958262 0.965605
-11.800 0.001254 0.944232 0.952814 0.960540
-11.600 0.001248 0.938102 0.947042 0.955137
-11.400 0.001243 0.931535 0.940818 0.949269
-11.200 0.001238 0.924751 0.934364 0.943159
-11.000 0.001232 0.917440 0.927366 0.936489
-10.800 0.001227 0.909886 0.920112 0.929548
-10.600 0.001222 0.901985 0.912495 0.922230
-10.400 0.001218 0.893606 0.904383 0.914400
-10.200 0.001213 0.884917 0.895944 0.906227
-10.000 0.001208 0.875872 0.887134 0.897667
-9.800 0.001203 0.866449 0.877928 0.888694
-9.600 0.001199 0.856580 0.868257 0.879237
-9.400 0.001194 0.846484 0.858343 0.869522
-9.200 0.001190 0.835873 0.847894 0.859251
-9.000 0.001186 0.824968 0.837133 0.848652
-8.800 0.001182 0.813611 0.825901 0.837562
-8.600 0.001178 0.801917 0.814313 0.826096
-8.400 0.001174 0.789909 0.802392 0.814280
-8.200 0.001170 0.777449 0.789999 0.801971
-8.000 0.001166 0.764560 0.777156 0.789191
-7.800 0.001162 0.751480 0.764105 0.776186
-7.600 0.001159 0.737857 0.750487 0.762592
-7.400 0.001155 0.723976 0.736595 0.748705
-7.200 0.001152 0.709724 0.722310 0.734404
-7.000 0.001149 0.695003 0.707534 0.719591
-6.800 0.001145 0.680086 0.692546 0.704548
-6.600 0.001142 0.664684 0.677049 0.688973
-6.400 0.001139 0.649071 0.661324 0.673153
-6.200 0.001136 0.632930 0.645047 0.656758
-6.000 0.001133 0.616714 0.628682 0.640258
-5.800 0.001131 0.599929 0.611722 0.623141
-5.600 0.001128 0.582829 0.594429 0.605670
-5.400 0.001125 0.565576 0.576966 0.588013
-5.200 0.001123 0.547921 0.559081 0.569914
-5.000 0.001121 0.529947 0.540858 0.551457
-4.800 0.001118 0.511687 0.522331 0.532678
-4.600 0.001116 0.493176 0.503536 0.513614
-4.400 0.001114 0.474264 0.484320 0.494109
-4.200 0.001112 0.455248 0.464987 0.474473
-4.000 0.001110 0.435981 0.445387 0.454553
-3.800 0.001108 0.416286 0.425339 0.434166
-3.600 0.001106 0.396437 0.405123 0.413597
-3.400 0.001105 0.376391 0.384696 0.392802
-3.200 0.001103 0.356078 0.363988 0.371711
-3.000 0.001102 0.335589 0.343090 0.350418
-2.800 0.001100 0.314908 0.321988 0.328907
-2.600 0.001099 0.294020 0.300666 0.307163
-2.400 0.001098 0.272989 0.279190 0.285255
-2.200 0.001097 0.251718 0.257463 0.263083
-2.000 0.001096 0.230355 0.235635 0.240801
-1.800 0.001095 0.208776 0.213579 0.218280
-1.600 0.001094 0.187239 0.191561 0.195793
-1.400 0.001094 0.165455 0.169287 0.173038
-1.200 0.001093 0.143547 0.146880 0.150143
-1.000 0.001092 0.121691 0.124523 0.127296
-0.800 0.001092 0.099654 0.101977 0.104253
-0.600 0.001092 0.077503 0.079312 0.081085
-0.400 0.001091 0.055415 0.056711 0.057980
-0.200 0.001091 0.033295 0.034074 0.034837
0.000 0.001091 0.011073 0.011332 0.011586
0.200 0.001091 -0.011073 -0.011332 -0.011586
0.400 0.001091 -0.033295 -0.034074 -0.034837
0.600 0.001092 -0.055415 -0.056711 -0.057980
0.800 0.001092 -0.077503 -0.079312 -0.081085
1.000 0.001092 -0.099654 -0.101977 -0.104253
1.200 0.001093 -0.121691 -0.124523 -0.127296
1.400 0.001094 -0.143547 -0.146880 -0.150143
1.600 0.001094 -0.165455 -0.169287 -0.173038
1.800 0.001095 -0.187239 -0.191561 -0.195793
2.000 0.001096 -0.208776 -0.213579 -0.218280
2.200 0.001097 -0.230355 -0.235635 -0.240801
2.400 0.001098 -0.251718 -0.257463 -0.263083
2.600 0.001099 -0.272989 -0.279190 -0.285255
2.800 0.001100 -0.294020 -0.300666 -0.307163
3.000 0.001102 -0.314908 -0.321988 -0.328907
3.200 0.001103 -0.335589 -0.343090 -0.350418
3.400 0.001105 -0.356078 -0.363988 -0.371711
3.600 0.001106 -0.376391 -0.384696 -0.392802
3.800 0.001108 -0.396437 -0.405123 -0.413597
4.000 0.001110 -0.416286 -0.425339 -0.434166
4.200 0.001112 -0.435981 -0.445387 -0.454553
4.400 0.001114 -0.455248 -0.464987 -0.474473
4.600 0.001116 -0.474264 -0.484320 -0.494109
4.800 0.001118 -0.493176 -0.503536 -0.513614
5.000 0.001121 -0.511687 -0.522331 -0.532678
5.200 0.001123 -0.529947 -0.540858 -0.551457
5.400 0.001125 -0.547921 -0.559081 -0.569914
5.600 0.001128 -0.565576 -0.576966 -0.588013
5.800 0.001131 -0.582829 -0.594429 -0.605670
6.000 0.001133 -0.599929 -0.611722 -0.623141
6.200 0.001136 -0.616714 -0.628682 -0.640258
6.400 0.001139 -0.632930 -0.645047 -0.656758
6.600 0.001142 -0.649071 -0.661324 -0.673153
6.800 0.001145 -0.664684 -0.677049 -0.688973
7.000 0.001149 -0.680086 -0.692546 -0.704548
7.200 0.001152 -0.695003 -0.707534 -0.719591
7.400 0.001155 -0.709724 -0.722310 -0.734404
7.600 0.001159 -0.723976 -0.736595 -0.748705
7.800 0.001162 -0.737857 -0.750487 -0.762592
8.000 0.001166 -0.751480 -0.764105 -0.776186
8.200 0.001170 -0.764560 -0.777156 -0.789191
8.400 0.001174 -0.777449 -0.789999 -0.801971
8.600 0.001178 -0.789909 -0.802392 -0.814280
8.800 0.001182 -0.801917 -0.814313 -0.826096
9.000 0.001186 -0.813611 -0.825901 -0.837562
9.200 0.001190 -0.824968 -0.837133 -0.848652
9.400 0.001194 -0.835873 -0.847894 -0.859251
9.600 0.001199 -0.846484 -0.858343 -0.869522
9.800 0.001203 -0.856580 -0.868257 -0.879237
10.000 0.001208 -0.866449 -0.877928 -0.888694
10.200 0.001213 -0.875872 -0.887134 -0.897667
10.400 0.001218 -0.884917 -0.895944 -0.906227
10.600 0.001222 -0.893606 -0.904383 -0.914400
10.800 0.001227 -0.901985 -0.912495 -0.922230
11.000 0.001232 -0.909886 -0.920112 -0.929548
11.200 0.001238 -0.917440 -0.927366 -0.936489
11.400 0.001243 -0.924751 -0.934364 -0.943159
11.600 0.001248 -0.931535 -0.940818 -0.949269
11.800 0.001254 -0.938102 -0.947042 -0.955137
12.000 0.001259 -0.944232 -0.952814 -0.960540
12.200 0.001265 -0.950050 -0.958262 -0.965605
12.400 0.001270 -0.955520 -0.963349 -0.970298
12.600 0.001276 -0.960647 -0.968080 -0.974622
12.800 0.001282 -0.965415 -0.972441 -0.978564
13.000 0.001288 -0.969831 -0.976437 -0.982132
13.200 0.001294 -0.973937 -0.980113 -0.985370
13.400 0.001300 -0.977793 -0.983529 -0.988338
13.600 0.001307 -0.981218 -0.986505 -0.990855
13.800 0.001313 -0.984402 -0.989230 -0.993115
14.000 0.001319 -0.987278 -0.991638 -0.995050
14.200 0.001326 -0.989814 -0.993699 -0.996629
14.400 0.001332 -0.992035 -0.995437 -0.997879
14.600 0.001339 -0.994000 -0.996911 -0.998859
14.800 0.001346 -0.995696 -0.998110 -0.999557
15.000 0.001353 -0.997093 -0.999004 -0.999946
15.200 0.001360 -0.998166 -0.999569 -1.000000
15.400 0.001367 -0.999021 -0.999910 -0.999827
15.600 0.001374 -0.999629 -1.000000 -0.999398
15.800 0.001381 -0.999899 -0.999748 -0.998625
16.000 0.001388 -1.000000 -0.999323 -0.997676
16.200 0.001396 -0.999761 -0.998555 -0.996381
16.400 0.001403 -0.999394 -0.997657 -0.994955
16.600 0.001411 -0.998732 -0.996461 -0.993229
16.800 0.001418 -0.997828 -0.995023 -0.991260
17.000 0.001426 -0.996705 -0.993363 -0.989069
17.200 0.001434 -0.995442 -0.991563 -0.986738
17.400 0.001442 -0.993838 -0.989421 -0.984066
17.600 0.001450 -0.992092 -0.987137 -0.981252
17.800 0.001458 -0.990150 -0.984658 -0.978244
18.000 0.001466 -0.988032 -0.982003 -0.975062
18.200 0.001475 -0.985715 -0.979150 -0.971684
18.400 0.001483 -0.983164 -0.976067 -0.968078
18.600 0.001491 -0.980511 -0.972881 -0.964372
18.800 0.001500 -0.977623 -0.969463 -0.960438
19.000 0.001508 -0.974588 -0.965902 -0.956362
19.200 0.001517 -0.971476 -0.962265 -0.952215
19.400 0.001526 -0.968071 -0.958340 -0.947784
19.600 0.001535 -0.964600 -0.954351 -0.943294
19.800 0.001544 -0.960952 -0.950190 -0.938635
20.000 0.001553 -0.957184 -0.945912 -0.933865
20.200 0.001562 -0.953299 -0.941523 -0.928987
20.400 0.001571 -0.949267 -0.936990 -0.923973
20.600 0.001580 -0.945082 -0.932310 -0.918816
20.800 0.001590 -0.940832 -0.927569 -0.913603
21.000 0.001599 -0.936404 -0.922656 -0.908226
21.200 0.001609 -0.931954 -0.917725 -0.902835
21.400 0.001618 -0.927326 -0.912624 -0.897281
21.600 0.001628 -0.922649 -0.907478 -0.891689
21.800 0.001638 -0.917851 -0.902217 -0.885988
22.000 0.001648 -0.912946 -0.896857 -0.880195
22.200 0.001658 -0.907973 -0.891435 -0.874347
22.400 0.001668 -0.902924 -0.885943 -0.868435
22.600 0.001678 -0.897814 -0.880396 -0.862476
22.800 0.001688 -0.892606 -0.874758 -0.856433
23.000 0.001699 -0.887304 -0.869034 -0.850312
23.200 0.001709 -0.881994 -0.863307 -0.844194
23.400 0.001719 -0.876559 -0.857464 -0.837969
23.600 0.001730 -0.871122 -0.851624 -0.831754
23.800 0.001741 -0.865626 -0.845734 -0.825495
24.000 0.001751 -0.860029 -0.839751 -0.819153
24.200 0.001762 -0.854466 -0.833807 -0.812856
24.400 0.001773 -0.848746 -0.827716 -0.806422
24.600 0.001784 -0.843084 -0.821688 -0.800056
24.800 0.001795 -0.837353 -0.815600 -0.793639
25.000 0.001806 -0.831578 -0.809475 -0.787193
25.200 0.001817 -0.825795 -0.803349 -0.780753
25.400 0.001829 -0.819930 -0.797151 -0.774250
25.600 0.001840 -0.814122 -0.791015 -0.767815
25.800 0.001851 -0.808207 -0.784780 -0.761292
26.000 0.001863 -0.802327 -0.778588 -0.754817
26.200 0.001875 -0.796396 -0.772354 -0.748309
26.400 0.001886 -0.790497 -0.766156 -0.741844
26.600 0.001898 -0.784528 -0.759899 -0.735328
26.800 0.001910 -0.778602 -0.753691 -0.728868
27.000 0.001922 -0.772629 -0.747444 -0.722377
27.200 0.001934 -0.766650 -0.741199 -0.715896
27.400 0.001946 -0.760682 -0.734971 -0.709439
27.600 0.001958 -0.754725 -0.728763 -0.703009
27.800 0.001970 -0.748754 -0.722547 -0.696579
28.000 0.001982 -0.742778 -0.716334 -0.690160
28.200 0.001995 -0.736833 -0.710159 -0.683785
28.400 0.002007 -0.730853 -0.703957 -0.677391
28.600 0.002020 -0.724908 -0.697796 -0.671045
28.800 0.002032 -0.718959 -0.691639 -0.664710
29.000 0.002045 -0.713048 -0.685526 -0.658425
29.200 0.002058 -0.707110 -0.679394 -0.652129
29.400 0.002071 -0.701250 -0.673345 -0.645921
29.600 0.002084 -0.695304 -0.667221 -0.639649
29.800 0.002097 -0.689476 -0.661217 -0.633499
30.000 0.002110 -0.683617 -0.655190 -0.627335
30.200 0.002123 -0.677789 -0.649202 -0.621216
30.400 0.002136 -0.671959 -0.643218 -0.615108
30.600 0.002149 -0.666198 -0.637309 -0.609079
30.800 0.002163 -0.660403 -0.631373 -0.603032
31.000 0.002176 -0.654678 -0.625512 -0.597064
31.200 0.002190 -0.648956 -0.619661 -0.591113
31.400 0.002203 -0.643271 -0.613853 -0.585211
31.600 0.002217 -0.637582 -0.608048 -0.579318
31.800 0.002231 -0.631964 -0.602318 -0.573505
32.000 0.002244 -0.626354 -0.596603 -0.567713
32.200 0.002258 -0.620764 -0.590914 -0.561953
32.400 0.002272 -0.615236 -0.585291 -0.556262
32.600 0.002286 -0.609699 -0.579666 -0.550578
32.800 0.002300 -0.604214 -0.574099 -0.544955
33.000 0.002314 -0.598772 -0.568579 -0.539384
33.200 0.002329 -0.593345 -0.563080 -0.533839
33.400 0.002343 -0.587961 -0.557629 -0.528347
33.600 0.002357 -0.582593 -0.552200 -0.522883
33.800 0.002372 -0.577289 -0.546838 -0.517490
34.000 0.002386 -0.571974 -0.541473 -0.512100
34.200 0.002401 -0.566768 -0.536218 -0.506821
34.400 0.002416 -0.561509 -0.530919 -0.501507
34.600 0.002430 -0.556350 -0.525721 -0.496295
34.800 0.002445 -0.551202 -0.520540 -0.491106
35.000 0.002460 -0.546100 -0.515410 -0.485971
35.200 0.002475 -0.541028 -0.510314 -0.480874
35.400 0.002490 -0.535995 -0.505260 -0.475825
35.600 0.002505 -0.531000 -0.500249 -0.470822
35.800 0.002520 -0.526036 -0.495274 -0.465858
36.000 0.002535 -0.521135 -0.490365 -0.460963
36.200 0.002551 -0.516233 -0.485461 -0.456079
36.400 0.002566 -0.511403 -0.480630 -0.451269
36.600 0.002581 -0.506581 -0.475813 -0.446480
36.800 0.002597 -0.501822 -0.471062 -0.441757
37.000 0.002612 -0.497103 -0.466353 -0.437080
37.200 0.002628 -0.492416 -0.461681 -0.432443
37.400 0.002644 -0.487740 -0.457025 -0.427827
37.600 0.002659 -0.483133 -0.452439 -0.423284
37.800 0.002675 -0.478566 -0.447897 -0.418786
38.000 0.002691 -0.474032 -0.443391 -0.414328
38.200 0.002707 -0.469532 -0.438922 -0.409909
38.400 0.002723 -0.465078 -0.434502 -0.405542
38.600 0.002739 -0.460644 -0.430107 -0.401204
38.800 0.002755 -0.456264 -0.425767 -0.396922
39.000 0.002771 -0.451930 -0.421475 -0.392691
39.200 0.002787 -0.447622 -0.417214 -0.388494
39.400 0.002804 -0.443355 -0.412996 -0.384341
39.600 0.002820 -0.439115 -0.408808 -0.380222
39.800 0.002837 -0.434940 -0.404685 -0.376169
40.000 0.002853 -0.430779 -0.400581 -0.372139
40.200 0.002870 -0.426664 -0.396525 -0.368157
40.400 0.002886 -0.422582 -0.392505 -0.364214
40.600 0.002903 -0.418557 -0.388542 -0.360329
40.800 0.002920 -0.414548 -0.384599 -0.356467
41.000 0.002936 -0.410577 -0.380696 -0.352647
41.200 0.002953 -0.406645 -0.376835 -0.348870
41.400 0.002970 -0.402769 -0.373029 -0.345150
41.600 0.002987 -0.398908 -0.369243 -0.341451
41.800 0.003004 -0.395075 -0.365487 -0.337786
42.000 0.003021 -0.391318 -0.361805 -0.334193
42.200 0.003038 -0.387566 -0.358133 -0.330614
42.400 0.003056 -0.383851 -0.354500 -0.327075
42.600 0.003073 -0.380169 -0.350902 -0.323573
42.800 0.003090 -0.376545 -0.347361 -0.320127
43.000 0.003108 -0.372941 -0.343844 -0.316708
43.200 0.003125 -0.369360 -0.340351 -0.313315
43.400 0.003143 -0.365840 -0.336919 -0.309983
43.600 0.003160 -0.362336 -0.333506 -0.306672
43.800 0.003178 -0.358864 -0.330126 -0.303395
44.000 0.003195 -0.355446 -0.326801 -0.300172
44.200 0.003213 -0.352045 -0.323495 -0.296971
44.400 0.003231 -0.348688 -0.320233 -0.293814
44.600 0.003249 -0.345339 -0.316983 -0.290672
44.800 0.003267 -0.342070 -0.313809 -0.287604
45.000 0.003284 -0.338786 -0.310626 -0.284531
45.200 0.003302 -0.335571 -0.307511 -0.281523
45.400 0.003321 -0.332369 -0.304410 -0.278532
45.600 0.003339 -0.329187 -0.301332 -0.275566
45.800 0.003357 -0.326065 -0.298312 -0.272655
46.000 0.003375 -0.322962 -0.295313 -0.269769
46.200 0.003393 -0.319889 -0.292345 -0.266913
46.400 0.003412 -0.316856 -0.289417 -0.264098
46.600 0.003430 -0.313839 -0.286508 -0.261302
46.800 0.003448 -0.310859 -0.283635 -0.258544
47.000 0.003467 -0.307914 -0.280798 -0.255821
47.200 0.003485 -0.304993 -0.277986 -0.253124
47.400 0.003504 -0.302111 -0.275212 -0.250465
47.600 0.003522 -0.299237 -0.272450 -0.247819
47.800 0.003541 -0.296423 -0.269745 -0.245230
48.000 0.003560 -0.293614 -0.267048 -0.242650
48.200 0.003579 -0.290850 -0.264395 -0.240112
48.400 0.003597 -0.288091 -0.261749 -0.237585
48.600 0.003616 -0.285379 -0.259150 -0.235102
48.800 0.003635 -0.282704 -0.256586 -0.232655
49.000 0.003654 -0.280040 -0.254036 -0.230223
49.200 0.003673 -0.277401 -0.251512 -0.227817
49.400 0.003692 -0.274801 -0.249025 -0.225448
49.600 0.003711 -0.272216 -0.246555 -0.223097
49.800 0.003730 -0.269666 -0.244120 -0.220779
50.000 0.003750 -0.267150 -0.241718 -0.218494
50.200 0.003769 -0.264642 -0.239326 -0.216221
50.400 0.003788 -0.262170 -0.236970 -0.213983
50.600 0.003807 -0.259717 -0.234633 -0.211765
50.800 0.003827 -0.257299 -0.232330 -0.209581
51.000 0.003846 -0.254902 -0.230049 -0.207417
51.200 0.003866 -0.252537 -0.227799 -0.205285
51.400 0.003885 -0.250185 -0.225564 -0.203169
51.600 0.003905 -0.247853 -0.223350 -0.201073
51.800 0.003924 -0.245562 -0.221174 -0.199015
52.000 0.003944 -0.243284 -0.219013 -0.196972
52.200 0.003964 -0.241031 -0.216876 -0.194953
52.400 0.003983 -0.238811 -0.214772 -0.192965
52.600 0.004003 -0.236595 -0.212674 -0.190986
52.800 0.004023 -0.234413 -0.210608 -0.189037
53.000 0.004043 -0.232262 -0.208573 -0.187118
53.200 0.004063 -0.230122 -0.206550 -0.185212
53.400 0.004083 -0.228007 -0.204551 -0.183330
53.600 0.004102 -0.225908 -0.202569 -0.181465
53.800 0.004122 -0.223839 -0.200617 -0.179628
54.000 0.004143 -0.221796 -0.198689 -0.177816
54.200 0.004163 -0.219768 -0.196776 -0.176019
54.400 0.004183 -0.217754 -0.194879 -0.174238
54.600 0.004203 -0.215769 -0.193010 -0.172484
54.800 0.004223 -0.213804 -0.191161 -0.170749
55.000 0.004243 -0.211858 -0.189330 -0.169033
55.200 0.004264 -0.209936 -0.187523 -0.167340
55.400 0.004284 -0.208028 -0.185730 -0.165661
55.600 0.004304 -0.206143 -0.183959 -0.164004
55.800 0.004325 -0.204276 -0.182207 -0.162365
56.000 0.004345 -0.202432 -0.180477 -0.160747
56.200 0.004365 -0.200606 -0.178765 -0.159147
56.400 0.004386 -0.198797 -0.177070 -0.157565
56.600 0.004406 -0.197002 -0.175389 -0.155996
56.800 0.004427 -0.195237 -0.173737 -0.154454
57.000 0.004448 -0.193485 -0.172098 -0.152926
57.200 0.004468 -0.191745 -0.170472 -0.151411
57.400 0.004489 -0.190040 -0.168877 -0.149926
57.600 0.004510 -0.188325 -0.167277 -0.148436
57.800 0.004530 -0.186653 -0.165715 -0.146983
58.000 0.004551 -0.184988 -0.164162 -0.145538
58.200 0.004572 -0.183339 -0.162624 -0.144110
58.400 0.004593 -0.181706 -0.161103 -0.142696
58.600 0.004614 -0.180097 -0.159604 -0.141304
58.800 0.004634 -0.178504 -0.158120 -0.139927
59.000 0.004655 -0.176918 -0.156644 -0.138559
59.200 0.004676 -0.175351 -0.155187 -0.137209
59.400 0.004697 -0.173811 -0.153755 -0.135882
59.600 0.004718 -0.172278 -0.152331 -0.134563
59.800 0.004739 -0.170759 -0.150921 -0.133258
60.000 0.004760 -0.169263 -0.149532 -0.131973
60.200 0.004782 -0.167774 -0.148151 -0.130696
60.400 0.004803 -0.166306 -0.146790 -0.129438
60.600 0.004824 -0.164845 -0.145436 -0.128188
60.800 0.004845 -0.163409 -0.144106 -0.126960
61.000 0.004866 -0.161986 -0.142789 -0.125745
61.200 0.004887 -0.160574 -0.141482 -0.124539
61.400 0.004909 -0.159178 -0.140192 -0.123350
61.600 0.004930 -0.157789 -0.138908 -0.122167
61.800 0.004951 -0.156427 -0.137650 -0.121008
62.000 0.004973 -0.155071 -0.136397 -0.119856
62.200 0.004994 -0.153735 -0.135164 -0.118721
62.400 0.005015 -0.152404 -0.133937 -0.117593
62.600 0.005037 -0.151086 -0.132722 -0.116477
62.800 0.005058 -0.149791 -0.131528 -0.115380
63.000 0.005080 -0.148501 -0.130340 -0.114289
63.200 0.005101 -0.147233 -0.129173 -0.113217
63.400 0.005123 -0.145967 -0.128008 -0.112150
63.600 0.005144 -0.144714 -0.126856 -0.111093
63.800 0.005166 -0.143485 -0.125725 -0.110057
64.000 0.005187 -0.142258 -0.124598 -0.109025
64.200 0.005209 -0.141045 -0.123485 -0.108006
64.400 0.005231 -0.139850 -0.122388 -0.107002
64.600 0.005252 -0.138663 -0.121299 -0.106006
64.800 0.005274 -0.137487 -0.120221 -0.105020
65.000 0.005296 -0.136319 -0.119151 -0.104043
65.200 0.005317 -0.135171 -0.118099 -0.103082
65.400 0.005339 -0.134031 -0.117055 -0.102129
65.600 0.005361 -0.132904 -0.116023 -0.101188
65.800 0.005383 -0.131785 -0.114999 -0.100254
66.000 0.005404 -0.130673 -0.113983 -0.099328
66.200 0.005426 -0.129583 -0.112987 -0.098420
66.400 0.005448 -0.128500 -0.111997 -0.097519
66.600 0.005470 -0.127416 -0.111008 -0.096619
66.800 0.005492 -0.126367 -0.110050 -0.095747
67.000 0.005514 -0.125303 -0.109080 -0.094865
67.200 0.005535 -0.124262 -0.108131 -0.094002
67.400 0.005557 -0.123238 -0.107198 -0.093154
67.600 0.005579 -0.122206 -0.106258 -0.092301
67.800 0.005601 -0.121204 -0.105345 -0.091472
68.000 0.005623 -0.120193 -0.104425 -0.090638
68.200 0.005645 -0.119201 -0.103523 -0.089820
68.400 0.005667 -0.118226 -0.102636 -0.089016
68.600 0.005689 -0.117247 -0.101747 -0.088211
68.800 0.005711 -0.116285 -0.100873 -0.087419
69.000 0.005733 -0.115336 -0.100011 -0.086639
69.200 0.005755 -0.114381 -0.099145 -0.085856
69.400 0.005777 -0.113452 -0.098302 -0.085093
69.600 0.005799 -0.112529 -0.097465 -0.084336
69.800 0.005821 -0.111609 -0.096632 -0.083583
70.000 0.005844 -0.110700 -0.095808 -0.082839
70.200 0.005866 -0.109794 -0.094989 -0.082099
70.400 0.005888 -0.108913 -0.094190 -0.081379
70.600 0.005910 -0.108030 -0.093392 -0.080659
70.800 0.005932 -0.107151 -0.092597 -0.079942
71.000 0.005954 -0.106286 -0.091816 -0.079238
71.200 0.005976 -0.105431 -0.091043 -0.078542
71.400 0.005998 -0.104582 -0.090276 -0.077852
71.600 0.006021 -0.103740 -0.089516 -0.077168
71.800 0.006043 -0.102910 -0.088767 -0.076494
72.000 0.006065 -0.102083 -0.088022 -0.075823
72.200 0.006087 -0.101271 -0.087290 -0.075166
72.400 0.006109 -0.100457 -0.086556 -0.074507
72.600 0.006132 -0.099655 -0.085835 -0.073859
72.800 0.006154 -0.098869 -0.085127 -0.073223
73.000 0.006176 -0.098074 -0.084411 -0.072581
73.200 0.006198 -0.097297 -0.083713 -0.071955
73.400 0.006221 -0.096532 -0.083024 -0.071337
73.600 0.006243 -0.095761 -0.082332 -0.070717
73.800 0.006265 -0.095010 -0.081657 -0.070113
74.000 0.006287 -0.094255 -0.080979 -0.069506
74.200 0.006310 -0.093513 -0.080314 -0.068910
74.400 0.006332 -0.092784 -0.079659 -0.068325
74.600 0.006354 -0.092050 -0.079001 -0.067736
74.800 0.006377 -0.091327 -0.078353 -0.067157
75.000 0.006399 -0.090615 -0.077715 -0.066587
75.200 0.006421 -0.089906 -0.077081 -0.066020
75.400 0.006443 -0.089202 -0.076450 -0.065458
75.600 0.006466 -0.088510 -0.075831 -0.064905
75.800 0.006488 -0.087821 -0.075215 -0.064355
76.000 0.006510 -0.087137 -0.074603 -0.063810
76.200 0.006533 -0.086462 -0.074000 -0.063272
76.400 0.006555 -0.085792 -0.073402 -0.062740
76.600 0.006577 -0.085129 -0.072809 -0.062212
76.800 0.006600 -0.084472 -0.072223 -0.061690
77.000 0.006622 -0.083818 -0.071639 -0.061171
77.200 0.006644 -0.083174 -0.071065 -0.060660
77.400 0.006667 -0.082538 -0.070498 -0.060156
77.600 0.006689 -0.081899 -0.069929 -0.059650
77.800 0.006711 -0.081275 -0.069373 -0.059156
78.000 0.006734 -0.080651 -0.068817 -0.058663
78.200 0.006756 -0.080035 -0.068269 -0.058176
78.400 0.006778 -0.079426 -0.067727 -0.057696
78.600 0.006800 -0.078820 -0.067189 -0.057218
78.800 0.006823 -0.078223 -0.066658 -0.056747
79.000 0.006845 -0.077624 -0.066126 -0.056276
79.200 0.006867 -0.077036 -0.065604 -0.055813
79.400 0.006890 -0.076458 -0.065090 -0.055358
79.600 0.006912 -0.075872 -0.064570 -0.054899
79.800 0.006934 -0.075305 -0.064067 -0.054453
80.000 0.006957 -0.074738 -0.063564 -0.054008
80.200 0.006979 -0.074169 -0.063060 -0.053563
80.400 0.007001 -0.073619 -0.062572 -0.053131
80.600 0.007023 -0.073062 -0.062079 -0.052696
80.800 0.007046 -0.072517 -0.061597 -0.052270
81.000 0.007068 -0.071974 -0.061116 -0.051846
81.200 0.007090 -0.071433 -0.060638 -0.051424
81.400 0.007113 -0.070902 -0.060168 -0.051009
81.600 0.007135 -0.070373 -0.059700 -0.050597
81.800 0.007157 -0.069851 -0.059239 -0.050190
82.000 0.007179 -0.069332 -0.058780 -0.049786
82.200 0.007201 -0.068817 -0.058326 -0.049386
82.400 0.007224 -0.068308 -0.057877 -0.048991
82.600 0.007246 -0.067800 -0.057428 -0.048596
82.800 0.007268 -0.067302 -0.056990 -0.048210
83.000 0.007290 -0.066805 -0.056551 -0.047824
83.200 0.007312 -0.066312 -0.056117 -0.047443
83.400 0.007335 -0.065825 -0.055688 -0.047066
83.600 0.007357 -0.065340 -0.055261 -0.046691
83.800 0.007379 -0.064865 -0.054843 -0.046324
84.000 0.007401 -0.064385 -0.054420 -0.045953
84.200 0.007423 -0.063915 -0.054007 -0.045591
84.400 0.007445 -0.063451 -0.053598 -0.045232
84.600 0.007468 -0.062987 -0.053191 -0.044875
84.800 0.007490 -0.062530 -0.052790 -0.044523
85.000 0.007512 -0.062072 -0.052387 -0.044171
85.200 0.007534 -0.061622 -0.051992 -0.043825
85.400 0.007556 -0.061177 -0.051602 -0.043483
85.600 0.007578 -0.060732 -0.051211 -0.043141
85.800 0.007600 -0.060293 -0.050827 -0.042805
86.000 0.007622 -0.059858 -0.050445 -0.042471
86.200 0.007644 -0.059424 -0.050065 -0.042139
86.400 0.007666 -0.058998 -0.049692 -0.041813
86.600 0.007688 -0.058575 -0.049321 -0.041489
86.800 0.007710 -0.058152 -0.048951 -0.041166
87.000 0.007732 -0.057738 -0.048588 -0.040849
87.200 0.007754 -0.057322 -0.048224 -0.040532
87.400 0.007776 -0.056912 -0.047867 -0.040219
87.600 0.007798 -0.056506 -0.047511 -0.039910
87.800 0.007820 -0.056105 -0.047161 -0.039604
88.000 0.007842 -0.055701 -0.046808 -0.039297
88.200 0.007863 -0.055307 -0.046464 -0.038997
88.400 0.007885 -0.054914 -0.046121 -0.038699
88.600 0.007907 -0.054521 -0.045779 -0.038401
88.800 0.007929 -0.054141 -0.045447 -0.038112
89.000 0.007951 -0.053754 -0.045109 -0.037818
89.200 0.007973 -0.053370 -0.044775 -0.037528
89.400 0.007994 -0.053000 -0.044452 -0.037247
89.600 0.008016 -0.052624 -0.044125 -0.036963
89.800 0.008038 -0.052256 -0.043805 -0.036685
90.000 0.008060 -0.051883 -0.043480 -0.036403
90.200 0.008081 -0.051521 -0.043165 -0.036129
90.400 0.008103 -0.051162 -0.042853 -0.035858
90.600 0.008125 -0.050802 -0.042540 -0.035587
90.800 0.008146 -0.050448 -0.042233 -0.035320
91.000 0.008168 -0.050091 -0.041923 -0.035052
91.200 0.008190 -0.049742 -0.041620 -0.034789
91.400 0.008211 -0.049399 -0.041321 -0.034531
91.600 0.008233 -0.049052 -0.041021 -0.034271
91.800 0.008254 -0.048714 -0.040727 -0.034016
92.000 0.008276 -0.048374 -0.040432 -0.033762
92.200 0.008297 -0.048036 -0.040139 -0.033508
92.400 0.008319 -0.047707 -0.039854 -0.033261
92.600 0.008340 -0.047375 -0.039567 -0.033013
92.800 0.008362 -0.047049 -0.039284 -0.032769
93.000 0.008383 -0.046724 -0.039002 -0.032526
93.200 0.008404 -0.046402 -0.038724 -0.032285
93.400 0.008426 -0.046081 -0.038446 -0.032045
93.600 0.008447 -0.045767 -0.038175 -0.031811
93.800 0.008469 -0.045450 -0.037901 -0.031575
94.000 0.008490 -0.045138 -0.037631 -0.031342
94.200 0.008511 -0.044830 -0.037365 -0.031113
94.400 0.008532 -0.044524 -0.037101 -0.030885
94.600 0.008554 -0.044217 -0.036836 -0.030657
94.800 0.008575 -0.043918 -0.036577 -0.030434
95.000 0.008596 -0.043617 -0.036318 -0.030211
95.200 0.008617 -0.043317 -0.036059 -0.029988
95.400 0.008638 -0.043026 -0.035808 -0.029772
95.600 0.008659 -0.042734 -0.035556 -0.029555
95.800 0.008680 -0.042442 -0.035305 -0.029340
96.000 0.008702 -0.042154 -0.035057 -0.029126
96.200 0.008723 -0.041868 -0.034811 -0.028915
96.400 0.008744 -0.041587 -0.034569 -0.028707
96.600 0.008765 -0.041303 -0.034324 -0.028497
96.800 0.008786 -0.041025 -0.034085 -0.028292
97.000 0.008806 -0.040748 -0.033847 -0.028088
97.200 0.008827 -0.040474 -0.033611 -0.027885
97.400 0.008848 -0.040204 -0.033379 -0.027686
97.600 0.008869 -0.039930 -0.033144 -0.027484
97.800 0.008890 -0.039663 -0.032915 -0.027288
98.000 0.008911 -0.039398 -0.032687 -0.027092
98.200 0.008931 -0.039132 -0.032459 -0.026898
98.400 0.008952 -0.038872 -0.032235 -0.026706
98.600 0.008973 -0.038611 -0.032012 -0.026515
98.800 0.008993 -0.038354 -0.031791 -0.026326
99.000 0.009014 -0.038098 -0.031572 -0.026138
99.200 0.009035 -0.037844 -0.031354 -0.025952
99.400 0.009055 -0.037593 -0.031139 -0.025768
99.600 0.009076 -0.037339 -0.030922 -0.025583
99.800 0.009096 -0.037095 -0.030713 -0.025404
100.000 0.009117 -0.036845 -0.030499 -0.025221
100.200 0.009137 -0.036605 -0.030293 -0.025046
100.400 0.009158 -0.036359 -0.030083 -0.024866
100.600 0.009178 -0.036119 -0.029877 -0.024691
100.800 0.009199 -0.035882 -0.029675 -0.024518
101.000 0.009219 -0.035643 -0.029471 -0.024344
101.200 0.009239 -0.035407 -0.029270 -0.024172
101.400 0.009259 -0.035176 -0.029072 -0.024004
101.600 0.009280 -0.034941 -0.028872 -0.023833
101.800 0.009300 -0.034715 -0.028679 -0.023669
102.000 0.009320 -0.034483 -0.028481 -0.023501
102.200 0.009340 -0.034257 -0.028288 -0.023336
102.400 0.009360 -0.034035 -0.028099 -0.023175
102.600 0.009380 -0.033808 -0.027905 -0.023011
102.800 0.009401 -0.033589 -0.027719 -0.022852
103.000 0.009421 -0.033369 -0.027531 -0.022692
103.200 0.009441 -0.033148 -0.027343 -0.022532
103.400 0.009460 -0.032935 -0.027161 -0.022378
103.600 0.009480 -0.032719 -0.026978 -0.022222
103.800 0.009500 -0.032505 -0.026796 -0.022067
104.000 0.009520 -0.032294 -0.026616 -0.021915
104.200 0.009540 -0.032081 -0.026435 -0.021762
104.400 0.009560 -0.031875 -0.026259 -0.021612
104.600 0.009579 -0.031667 -0.026083 -0.021463
104.800 0.009599 -0.031462 -0.025909 -0.021315
105.000 0.009619 -0.031256 -0.025734 -0.021167
105.200 0.009638 -0.031054 -0.025562 -0.021021
105.400 0.009658 -0.030853 -0.025392 -0.020877
105.600 0.009678 -0.030653 -0.025222 -0.020733
105.800 0.009697 -0.030455 -0.025054 -0.020591
106.000 0.009717 -0.030258 -0.024887 -0.020450
106.200 0.009736 -0.030060 -0.024719 -0.020308
106.400 0.009755 -0.029870 -0.024558 -0.020171
106.600 0.009775 -0.029676 -0.024394 -0.020032
106.800 0.009794 -0.029485 -0.024232 -0.019895
107.000 0.009813 -0.029294 -0.024071 -0.019759
107.200 0.009833 -0.029105 -0.023910 -0.019623
107.400 0.009852 -0.028921 -0.023754 -0.019492
107.600 0.009871 -0.028731 -0.023594 -0.019356
107.800 0.009890 -0.028548 -0.023439 -0.019225
108.000 0.009909 -0.028366 -0.023285 -0.019095
108.200 0.009929 -0.028182 -0.023130 -0.018965
108.400 0.009948 -0.028002 -0.022977 -0.018836
108.600 0.009967 -0.027823 -0.022826 -0.018709
108.800 0.009986 -0.027645 -0.022676 -0.018581
109.000 0.010004 -0.027468 -0.022526 -0.018455
109.200 0.010023 -0.027292 -0.022378 -0.018330
109.400 0.010042 -0.027118 -0.022231 -0.018207
109.600 0.010061 -0.026945 -0.022085 -0.018084
109.800 0.010080 -0.026772 -0.021939 -0.017961
110.000 0.010098 -0.026601 -0.021795 -0.017840
110.200 0.010117 -0.026434 -0.021654 -0.017721
110.400 0.010136 -0.026263 -0.021510 -0.017600
110.600 0.010154 -0.026096 -0.021369 -0.017482
110.800 0.010173 -0.025931 -0.021230 -0.017365
111.000 0.010192 -0.025767 -0.021092 -0.017248
111.200 0.010210 -0.025602 -0.020954 -0.017132
111.400 0.010228 -0.025438 -0.020816 -0.017016
111.600 0.010247 -0.025277 -0.020680 -0.016902
111.800 0.010265 -0.025119 -0.020547 -0.016791
112.000 0.010284 -0.024957 -0.020410 -0.016676
112.200 0.010302 -0.024800 -0.020279 -0.016566
112.400 0.010320 -0.024643 -0.020147 -0.016455
112.600 0.010338 -0.024485 -0.020014 -0.016344
112.800 0.010356 -0.024333 -0.019886 -0.016236
113.000 0.010375 -0.024177 -0.019755 -0.016126
113.200 0.010393 -0.024023 -0.019626 -0.016018
113.400 0.010411 -0.023874 -0.019501 -0.015914
113.600 0.010429 -0.023720 -0.019372 -0.015806
113.800 0.010447 -0.023573 -0.019248 -0.015702
114.000 0.010464 -0.023423 -0.019122 -0.015596
114.200 0.010482 -0.023274 -0.018998 -0.015492
114.400 0.010500 -0.023128 -0.018876 -0.015390
114.600 0.010518 -0.022982 -0.018753 -0.015287
114.800 0.010536 -0.022839 -0.018633 -0.015187
115.000 0.010553 -0.022691 -0.018509 -0.015084
115.200 0.010571 -0.022551 -0.018392 -0.014986
115.400 0.010589 -0.022407 -0.018272 -0.014885
115.600 0.010606 -0.022267 -0.018155 -0.014787
115.800 0.010624 -0.022126 -0.018037 -0.014689
116.000 0.010641 -0.021988 -0.017921 -0.014592
116.200 0.010658 -0.021848 -0.017804 -0.014494
116.400 0.010676 -0.021712 -0.017691 -0.014400
116.600 0.010693 -0.021574 -0.017575 -0.014304
116.800 0.010710 -0.021439 -0.017462 -0.014209
117.000 0.010728 -0.021304 -0.017350 -0.014115
117.200 0.010745 -0.021171 -0.017238 -0.014022
117.400 0.010762 -0.021037 -0.017127 -0.013929
117.600 0.010779 -0.020906 -0.017017 -0.013838
117.800 0.010796 -0.020774 -0.016907 -0.013746
118.000 0.010813 -0.020643 -0.016798 -0.013656
118.200 0.010830 -0.020511 -0.016688 -0.013564
118.400 0.010847 -0.020385 -0.016583 -0.013476
118.600 0.010864 -0.020256 -0.016475 -0.013387
118.800 0.010881 -0.020131 -0.016371 -0.013300
119.000 0.010898 -0.020003 -0.016264 -0.013211
119.200 0.010914 -0.019877 -0.016159 -0.013124
119.400 0.010931 -0.019753 -0.016056 -0.013038
119.600 0.010948 -0.019628 -0.015952 -0.012952
119.800 0.010964 -0.019507 -0.015851 -0.012868
120.000 0.010981 -0.019382 -0.015748 -0.012782
120.200 0.010997 -0.019261 -0.015647 -0.012698
120.400 0.011014 -0.019140 -0.015546 -0.012615
120.600 0.011030 -0.019020 -0.015446 -0.012532
120.800 0.011046 -0.018901 -0.015348 -0.012450
121.000 0.011063 -0.018782 -0.015249 -0.012368
121.200 0.011079 -0.018662 -0.015149 -0.012285
121.400 0.011095 -0.018548 -0.015054 -0.012207
121.600 0.011111 -0.018430 -0.014956 -0.012125
121.800 0.011128 -0.018314 -0.014860 -0.012046
122.000 0.011144 -0.018200 -0.014765 -0.011967
122.200 0.011160 -0.018085 -0.014670 -0.011888
122.400 0.011176 -0.017972 -0.014576 -0.011810
122.600 0.011192 -0.017859 -0.014482 -0.011733
122.800 0.011207 -0.017746 -0.014389 -0.011655
123.000 0.011223 -0.017635 -0.014296 -0.011579
123.200 0.011239 -0.017523 -0.014204 -0.011502
123.400 0.011255 -0.017414 -0.014113 -0.011427
123.600 0.011271 -0.017304 -0.014022 -0.011352
123.800 0.011286 -0.017195 -0.013932 -0.011278
124.000 0.011302 -0.017087 -0.013843 -0.011204
124.200 0.011317 -0.016979 -0.013754 -0.011130
124.400 0.011333 -0.016873 -0.013666 -0.011057
124.600 0.011348 -0.016765 -0.013576 -0.010983
124.800 0.011364 -0.016661 -0.013490 -0.010912
125.000 0.011379 -0.016554 -0.013402 -0.010839
125.200 0.011394 -0.016452 -0.013317 -0.010769
125.400 0.011410 -0.016346 -0.013230 -0.010697
125.600 0.011425 -0.016244 -0.013146 -0.010628
125.800 0.011440 -0.016141 -0.013061 -0.010558
126.000 0.011455 -0.016040 -0.012977 -0.010489
126.200 0.011470 -0.015936 -0.012891 -0.010418
126.400 0.011485 -0.015839 -0.012811 -0.010352
126.600 0.011500 -0.015736 -0.012726 -0.010282
126.800 0.011515 -0.015638 -0.012645 -0.010215
127.000 0.011530 -0.015539 -0.012563 -0.010148
127.200 0.011545 -0.015439 -0.012481 -0.010080
127.400 0.011559 -0.015342 -0.012401 -0.010014
127.600 0.011574 -0.015245 -0.012321 -0.009948
127.800 0.011589 -0.015148 -0.012241 -0.009883
128.000 0.011603 -0.015051 -0.012161 -0.009817
128.200 0.011618 -0.014955 -0.012082 -0.009751
128.400 0.011632 -0.014861 -0.012005 -0.009688
128.600 0.011647 -0.014767 -0.011927 -0.009624
128.800 0.011661 -0.014670 -0.011848 -0.009559
129.000 0.011675 -0.014579 -0.011772 -0.009497
129.200 0.011690 -0.014486 -0.011696 -0.009434
129.400 0.011704 -0.014393 -0.011620 -0.009371
129.600 0.011718 -0.014302 -0.011545 -0.009310
129.800 0.011732 -0.014208 -0.011468 -0.009247
130.000 0.011746 -0.014118 -0.011393 -0.009185
130.200 0.011760 -0.014028 -0.011319 -0.009125
130.400 0.011774 -0.013938 -0.011246 -0.009064
130.600 0.011788 -0.013850 -0.011173 -0.009005
130.800 0.011802 -0.013759 -0.011099 -0.008944
131.000 0.011816 -0.013672 -0.011026 -0.008885
131.200 0.011830 -0.013583 -0.010954 -0.008825
131.400 0.011843 -0.013496 -0.010882 -0.008766
131.600 0.011857 -0.013410 -0.010812 -0.008708
131.800 0.011871 -0.013322 -0.010740 -0.008650
132.000 0.011884 -0.013236 -0.010669 -0.008592
132.200 0.011898 -0.013150 -0.010599 -0.008534
132.400 0.011911 -0.013065 -0.010529 -0.008477
132.600 0.011925 -0.012982 -0.010461 -0.008421
132.800 0.011938 -0.012896 -0.010390 -0.008363
133.000 0.011951 -0.012813 -0.010322 -0.008308
133.200 0.011965 -0.012729 -0.010254 -0.008251
133.400 0.011978 -0.012646 -0.010185 -0.008196
133.600 0.011991 -0.012566 -0.010120 -0.008142
133.800 0.012004 -0.012481 -0.010050 -0.008085
134.000 0.012017 -0.012402 -0.009986 -0.008032
134.200 0.012030 -0.012319 -0.009918 -0.007977
134.400 0.012043 -0.012237 -0.009851 -0.007922
134.600 0.012056 -0.012160 -0.009788 -0.007870
134.800 0.012069 -0.012079 -0.009722 -0.007817
135.000 0.012081 -0.011998 -0.009655 -0.007762
135.200 0.012094 -0.011919 -0.009591 -0.007710
135.400 0.012107 -0.011843 -0.009528 -0.007659
135.600 0.012119 -0.011763 -0.009463 -0.007606
135.800 0.012132 -0.011685 -0.009399 -0.007553
136.000 0.012144 -0.011608 -0.009336 -0.007502
136.200 0.012157 -0.011532 -0.009274 -0.007452
136.400 0.012169 -0.011453 -0.009210 -0.007399
136.600 0.012182 -0.011378 -0.009148 -0.007349
136.800 0.012194 -0.011302 -0.009087 -0.007299
137.000 0.012206 -0.011226 -0.009025 -0.007248
137.200 0.012218 -0.011151 -0.008964 -0.007198
137.400 0.012230 -0.011077 -0.008903 -0.007149
137.600 0.012243 -0.011002 -0.008842 -0.007099
137.800 0.012255 -0.010927 -0.008781 -0.007049
138.000 0.012266 -0.010855 -0.008722 -0.007001
138.200 0.012278 -0.010781 -0.008662 -0.006953
138.400 0.012290 -0.010708 -0.008602 -0.006904
138.600 0.012302 -0.010636 -0.008544 -0.006856
138.800 0.012314 -0.010563 -0.008484 -0.006808
139.000 0.012326 -0.010491 -0.008426 -0.006760
139.200 0.012337 -0.010420 -0.008368 -0.006713
139.400 0.012349 -0.010348 -0.008309 -0.006666
139.600 0.012360 -0.010279 -0.008253 -0.006620
139.800 0.012372 -0.010208 -0.008195 -0.006573
140.000 0.012383 -0.010137 -0.008138 -0.006526
140.200 0.012395 -0.010067 -0.008080 -0.006479
140.400 0.012406 -0.009998 -0.008024 -0.006434
140.600 0.012417 -0.009930 -0.007969 -0.006389
140.800 0.012428 -0.009858 -0.007911 -0.006342
141.000 0.012439 -0.009791 -0.007856 -0.006298
141.200 0.012451 -0.009724 -0.007802 -0.006253
141.400 0.012462 -0.009654 -0.007745 -0.006207
141.600 0.012473 -0.009588 -0.007692 -0.006164
141.800 0.012483 -0.009520 -0.007636 -0.006119
142.000 0.012494 -0.009453 -0.007581 -0.006075
142.200 0.012505 -0.009386 -0.007527 -0.006031
142.400 0.012516 -0.009321 -0.007474 -0.005988
142.600 0.012527 -0.009254 -0.007420 -0.005944
142.800 0.012537 -0.009189 -0.007367 -0.005901
143.000 0.012548 -0.009123 -0.007314 -0.005858
143.200 0.012558 -0.009057 -0.007260 -0.005814
143.400 0.012569 -0.008994 -0.007209 -0.005773
143.600 0.012579 -0.008929 -0.007156 -0.005730
143.800 0.012590 -0.008864 -0.007104 -0.005688
144.000 0.012600 -0.008800 -0.007052 -0.005645
144.200 0.012610 -0.008737 -0.007000 -0.005604
144.400 0.012620 -0.008673 -0.006949 -0.005562
144.600 0.012631 -0.008610 -0.006898 -0.005521
144.800 0.012641 -0.008547 -0.006847 -0.005480
145.000 0.012651 -0.008484 -0.006796 -0.005438
145.200 0.012661 -0.008422 -0.006745 -0.005397
145.400 0.012671 -0.008360 -0.006696 -0.005357
145.600 0.012681 -0.008298 -0.006645 -0.005317
145.800 0.012690 -0.008236 -0.006595 -0.005276
146.000 0.012700 -0.008175 -0.006546 -0.005236
146.200 0.012710 -0.008114 -0.006496 -0.005196
146.400 0.012719 -0.008053 -0.006447 -0.005157
146.600 0.012729 -0.007993 -0.006399 -0.005117
146.800 0.012739 -0.007932 -0.006350 -0.005078
147.000 0.012748 -0.007871 -0.006300 -0.005038
147.200 0.012758 -0.007813 -0.006253 -0.005000
147.400 0.012767 -0.007752 -0.006204 -0.004960
147.600 0.012776 -0.007695 -0.006158 -0.004923
147.800 0.012785 -0.007634 -0.006109 -0.004883
148.000 0.012795 -0.007575 -0.006061 -0.004845
148.200 0.012804 -0.007518 -0.006015 -0.004807
148.400 0.012813 -0.007457 -0.005966 -0.004768
148.600 0.012822 -0.007402 -0.005921 -0.004732
148.800 0.012831 -0.007343 -0.005873 -0.004693
149.000 0.012840 -0.007284 -0.005826 -0.004656
149.200 0.012849 -0.007227 -0.005780 -0.004618
149.400 0.012858 -0.007170 -0.005734 -0.004581
149.600 0.012866 -0.007113 -0.005688 -0.004544
149.800 0.012875 -0.007056 -0.005642 -0.004507
150.000 0.012884 -0.007000 -0.005597 -0.004471
150.200 0.012892 -0.006943 -0.005551 -0.004434
150.400 0.012901 -0.006887 -0.005506 -0.004398
150.600 0.012909 -0.006832 -0.005461 -0.004362
150.800 0.012918 -0.006776 -0.005416 -0.004325
151.000 0.012926 -0.006720 -0.005371 -0.004289
151.200 0.012934 -0.006664 -0.005326 -0.004253
151.400 0.012943 -0.006609 -0.005282 -0.004217
151.600 0.012951 -0.006555 -0.005239 -0.004182
151.800 0.012959 -0.006500 -0.005194 -0.004146
152.000 0.012967 -0.006445 -0.005150 -0.004111
152.200 0.012975 -0.006391 -0.005106 -0.004076
152.400 0.012983 -0.006338 -0.005064 -0.004042
152.600 0.012991 -0.006282 -0.005019 -0.004006
152.800 0.012999 -0.006229 -0.004976 -0.003971
153.000 0.013006 -0.006175 -0.004933 -0.003937
153.200 0.013014 -0.006122 -0.004890 -0.003902
153.400 0.013022 -0.006069 -0.004847 -0.003868
153.600 0.013029 -0.006017 -0.004806 -0.003834
153.800 0.013037 -0.005963 -0.004762 -0.003799
154.000 0.013045 -0.005910 -0.004719 -0.003765
154.200 0.013052 -0.005859 -0.004678 -0.003732
154.400 0.013059 -0.005806 -0.004636 -0.003698
154.600 0.013067 -0.005753 -0.004594 -0.003664
154.800 0.013074 -0.005702 -0.004553 -0.003631
155.000 0.013081 -0.005650 -0.004511 -0.003597
155.200 0.013088 -0.005598 -0.004469 -0.003564
155.400 0.013095 -0.005547 -0.004428 -0.003531
155.600 0.013103 -0.005495 -0.004386 -0.003498
155.800 0.013110 -0.005444 -0.004345 -0.003465
156.000 0.013116 -0.005394 -0.004305 -0.003433
156.200 0.013123 -0.005343 -0.004264 -0.003400
156.400 0.013130 -0.005291 -0.004222 -0.003366
156.600 0.013137 -0.005242 -0.004183 -0.003335
156.800 0.013144 -0.005191 -0.004142 -0.003302
157.000 0.013150 -0.005141 -0.004102 -0.003270
157.200 0.013157 -0.005091 -0.004062 -0.003238
157.400 0.013163 -0.005041 -0.004022 -0.003206
157.600 0.013170 -0.004992 -0.003983 -0.003174
157.800 0.013176 -0.004941 -0.003942 -0.003142
158.000 0.013183 -0.004892 -0.003903 -0.003110
158.200 0.013189 -0.004843 -0.003863 -0.003079
158.400 0.013195 -0.004793 -0.003823 -0.003047
158.600 0.013201 -0.004745 -0.003785 -0.003016
158.800 0.013208 -0.004697 -0.003746 -0.002985
159.000 0.013214 -0.004647 -0.003706 -0.002953
159.200 0.013220 -0.004598 -0.003667 -0.002922
159.400 0.013226 -0.004550 -0.003629 -0.002891
159.600 0.013232 -0.004503 -0.003591 -0.002861
159.800 0.013237 -0.004453 -0.003551 -0.002829
160.000 0.013243 -0.004406 -0.003513 -0.002799
160.200 0.013249 -0.004357 -0.003474 -0.002767
160.400 0.013255 -0.004310 -0.003437 -0.002737
160.600 0.013260 -0.004262 -0.003398 -0.002707
160.800 0.013266 -0.004215 -0.003360 -0.002676
161.000 0.013271 -0.004167 -0.003322 -0.002645
161.200 0.013277 -0.004121 -0.003285 -0.002616
161.400 0.013282 -0.004072 -0.003246 -0.002585
161.600 0.013288 -0.004025 -0.003208 -0.002555
161.800 0.013293 -0.003979 -0.003172 -0.002526
162.000 0.013298 -0.003932 -0.003134 -0.002495
162.200 0.013303 -0.003885 -0.003096 -0.002465
162.400 0.013308 -0.003838 -0.003059 -0.002436
162.600 0.013313 -0.003792 -0.003022 -0.002406
162.800 0.013318 -0.003746 -0.002985 -0.002376
163.000 0.013323 -0.003699 -0.002947 -0.002346
163.200 0.013328 -0.003653 -0.002911 -0.002317
163.400 0.013333 -0.003608 -0.002875 -0.002288
163.600 0.013338 -0.003561 -0.002837 -0.002259
163.800 0.013342 -0.003516 -0.002801 -0.002230
164.000 0.013347 -0.003469 -0.002764 -0.002200
164.200 0.013352 -0.003424 -0.002728 -0.002171
164.400 0.013356 -0.003378 -0.002691 -0.002142
164.600 0.013361 -0.003333 -0.002655 -0.002113
164.800 0.013365 -0.003287 -0.002619 -0.002084
165.000 0.013369 -0.003243 -0.002583 -0.002056
165.200 0.013374 -0.003196 -0.002546 -0.002026
165.400 0.013378 -0.003152 -0.002511 -0.001998
165.600 0.013382 -0.003108 -0.002476 -0.001970
165.800 0.013386 -0.003061 -0.002438 -0.001940
166.000 0.013390 -0.003017 -0.002403 -0.001912
166.200 0.013394 -0.002972 -0.002367 -0.001884
166.400 0.013398 -0.002927 -0.002331 -0.001855
166.600 0.013402 -0.002884 -0.002297 -0.001827
166.800 0.013406 -0.002838 -0.002260 -0.001798
167.000 0.013410 -0.002794 -0.002225 -0.001770
167.200 0.013414 -0.002750 -0.002190 -0.001742
167.400 0.013417 -0.002706 -0.002155 -0.001714
167.600 0.013421 -0.002662 -0.002119 -0.001686
167.800 0.013424 -0.002617 -0.002084 -0.001658
168.000 0.013428 -0.002573 -0.002049 -0.001630
168.200 0.013431 -0.002529 -0.002014 -0.001602
168.400 0.013435 -0.002485 -0.001979 -0.001574
168.600 0.013438 -0.002442 -0.001944 -0.001546
168.800 0.013441 -0.002398 -0.001909 -0.001518
169.000 0.013445 -0.002355 -0.001875 -0.001491
169.200 0.013448 -0.002311 -0.001840 -0.001463
169.400 0.013451 -0.002266 -0.001804 -0.001435
169.600 0.013454 -0.002224 -0.001771 -0.001408
169.800 0.013457 -0.002180 -0.001735 -0.001380
170.000 0.013460 -0.002136 -0.001701 -0.001353
170.200 0.013463 -0.002094 -0.001667 -0.001326
170.400 0.013465 -0.002051 -0.001632 -0.001298
170.600 0.013468 -0.002007 -0.001597 -0.001270
170.800 0.013471 -0.001964 -0.001563 -0.001243
171.000 0.013473 -0.001922 -0.001530 -0.001216
171.200 0.013476 -0.001878 -0.001495 -0.001189
171.400 0.013479 -0.001834 -0.001460 -0.001161
171.600 0.013481 -0.001792 -0.001427 -0.001134
171.800 0.013483 -0.001750 -0.001393 -0.001108
172.000 0.013486 -0.001706 -0.001358 -0.001080
172.200 0.013488 -0.001663 -0.001324 -0.001053
172.400 0.013490 -0.001621 -0.001290 -0.001026
172.600 0.013492 -0.001578 -0.001256 -0.000998
172.800 0.013495 -0.001536 -0.001222 -0.000972
173.000 0.013497 -0.001493 -0.001188 -0.000945
173.200 0.013499 -0.001450 -0.001154 -0.000918
173.400 0.013501 -0.001409 -0.001121 -0.000892
173.600 0.013502 -0.001365 -0.001086 -0.000863
173.800 0.013504 -0.001324 -0.001053 -0.000837
174.000 0.013506 -0.001281 -0.001020 -0.000811
174.200 0.013508 -0.001238 -0.000985 -0.000783
174.400 0.013509 -0.001196 -0.000952 -0.000757
174.600 0.013511 -0.001154 -0.000918 -0.000730
174.800 0.013512 -0.001111 -0.000884 -0.000703
175.000 0.013514 -0.001070 -0.000852 -0.000677
175.200 0.013515 -0.001027 -0.000817 -0.000650
175.400 0.013517 -0.000985 -0.000783 -0.000623
175.600 0.013518 -0.000943 -0.000750 -0.000597
175.800 0.013519 -0.000901 -0.000717 -0.000570
176.000 0.013520 -0.000858 -0.000683 -0.000543
176.200 0.013522 -0.000818 -0.000651 -0.000517
176.400 0.013523 -0.000774 -0.000616 -0.000490
176.600 0.013524 -0.000733 -0.000583 -0.000464
176.800 0.013525 -0.000691 -0.000549 -0.000437
177.000 0.013525 -0.000649 -0.000516 -0.000410
177.200 0.013526 -0.000607 -0.000483 -0.000384
177.400 0.013527 -0.000565 -0.000449 -0.000357
177.600 0.013528 -0.000523 -0.000416 -0.000331
177.800 0.013528 -0.000481 -0.000383 -0.000304
178.000 0.013529 -0.000439 -0.000350 -0.000278
178.200 0.013530 -0.000397 -0.000316 -0.000251
178.400 0.013530 -0.000356 -0.000283 -0.000225
178.600 0.013531 -0.000313 -0.000249 -0.000198
178.800 0.013531 -0.000272 -0.000217 -0.000172
179.000 0.013531 -0.000230 -0.000183 -0.000145
179.200 0.013532 -0.000189 -0.000150 -0.000119
179.400 0.013532 -0.000146 -0.000116 -0.000092
179.600 0.013532 -0.000104 -0.000083 -0.000066
179.800 0.013532 -0.000063 -0.000050 -0.000040
