-179.800 1.000000 -0.003491 0.000000 -0.000000 0.000000
-179.600 0.999994 -0.006981 0.000063 0.000050 0.000040
-179.400 0.999983 -0.010472 0.000104 0.000083 0.000066
-179.200 0.999968 -0.013962 0.000146 0.000116 0.000092
-179.000 0.999949 -0.017452 0.000189 0.000150 0.000119
-178.800 0.999925 -0.020942 0.000230 0.000183 0.000145
-178.600 0.999897 -0.024432 0.000272 0.000217 0.000172
-178.400 0.999865 -0.027922 0.000313 0.000249 0.000198
-178.200 0.999829 -0.031411 0.000356 0.000283 0.000225
-178.000 0.999788 -0.034900 0.000397 0.000316 0.000251
-177.800 0.999744 -0.038388 0.000439 0.000350 0.000278
-177.600 0.999694 -0.041876 0.000481 0.000383 0.000304
-177.400 0.999641 -0.045363 0.000523 0.000416 0.000331
-177.200 0.999583 -0.048850 0.000565 0.000449 0.000357
-177.000 0.999521 -0.052336 0.000607 0.000483 0.000384
-176.800 0.999455 -0.055822 0.000649 0.000516 0.000410
-176.600 0.999385 -0.059306 0.000691 0.000549 0.000437
-176.400 0.999310 -0.062791 0.000733 0.000583 0.000464
-176.200 0.999231 -0.066274 0.000774 0.000616 0.000490
-176.000 0.999147 -0.069757 0.000818 0.000651 0.000517
-175.800 0.999060 -0.073238 0.000858 0.000683 0.000543
-175.600 0.998968 -0.076719 0.000901 0.000717 0.000570
-175.400 0.998872 -0.080199 0.000943 0.000750 0.000597
-175.200 0.998771 -0.083678 0.000985 0.000783 0.000623
-175.000 0.998667 -0.087156 0.001027 0.000817 0.000650
-174.800 0.998558 -0.090633 0.001070 0.000852 0.000677
-174.600 0.998445 -0.094108 0.001111 0.000884 0.000703
-174.400 0.998327 -0.097583 0.001154 0.000918 0.000730
-174.200 0.998205 -0.101056 0.001196 0.000952 0.000757
-174.000 0.998079 -0.104529 0.001238 0.000985 0.000783
-173.800 0.997949 -0.107999 0.001281 0.001020 0.000811
-173.600 0.997814 -0.111469 0.001324 0.001053 0.000837
-173.400 0.997676 -0.114937 0.001365 0.001086 0.000863
-173.200 0.997532 -0.118404 0.001409 0.001121 0.000892
-173.000 0.997385 -0.121869 0.001450 0.001154 0.000918
-172.800 0.997233 -0.125333 0.001493 0.001188 0.000945
-172.600 0.997078 -0.128796 0.001536 0.001222 0.000972
-172.400 0.996917 -0.132257 0.001578 0.001256 0.000998
-172.200 0.996753 -0.135716 0.001621 0.001290 0.001026
-172.000 0.996584 -0.139173 0.001663 0.001324 0.001053
-171.800 0.996411 -0.142629 0.001706 0.001358 0.001080
-171.600 0.996234 -0.146083 0.001750 0.001393 0.001108
-171.400 0.996052 -0.149535 0.001792 0.001427 0.001134
-171.200 0.995867 -0.152986 0.001834 0.001460 0.001161
-171.000 0.995677 -0.156435 0.001878 0.001495 0.001189
-170.800 0.995482 -0.159881 0.001922 0.001530 0.001216
-170.600 0.995284 -0.163326 0.001964 0.001563 0.001243
-170.400 0.995081 -0.166769 0.002007 0.001597 0.001270
-170.200 0.994874 -0.170210 0.002051 0.001632 0.001298
-170.000 0.994662 -0.173648 0.002094 0.001667 0.001326
-169.800 0.994447 -0.177085 0.002136 0.001701 0.001353
-169.600 0.994227 -0.180519 0.002180 0.001735 0.001380
-169.400 0.994002 -0.183952 0.002224 0.001771 0.001408
-169.200 0.993774 -0.187381 0.002266 0.001804 0.001435
-169.000 0.993541 -0.190809 0.002311 0.001840 0.001463
-168.800 0.993304 -0.194234 0.002355 0.001875 0.001491
-168.600 0.993063 -0.197657 0.002398 0.001909 0.001518
-168.400 0.992818 -0.201078 0.002442 0.001944 0.001546
-168.200 0.992568 -0.204496 0.002485 0.001979 0.001574
-168.000 0.992314 -0.207912 0.002529 0.002014 0.001602
-167.800 0.992055 -0.211325 0.002573 0.002049 0.001630
-167.600 0.991793 -0.214735 0.002617 0.002084 0.001658
-167.400 0.991526 -0.218143 0.002662 0.002119 0.001686
-167.200 0.991255 -0.221549 0.002706 0.002155 0.001714
-167.000 0.990980 -0.224951 0.002750 0.002190 0.001742
-166.800 0.990700 -0.228351 0.002794 0.002225 0.001770
-166.600 0.990416 -0.231748 0.002838 0.002260 0.001798
-166.400 0.990128 -0.235142 0.002884 0.002297 0.001827
-166.200 0.989836 -0.238534 0.002927 0.002331 0.001855
-166.000 0.989539 -0.241922 0.002972 0.002367 0.001884
-165.800 0.989238 -0.245307 0.003017 0.002403 0.001912
-165.600 0.988933 -0.248690 0.003061 0.002438 0.001940
-165.400 0.988624 -0.252070 0.003108 0.002476 0.001970
-165.200 0.988310 -0.255446 0.003152 0.002511 0.001998
-165.000 0.987992 -0.258819 0.003196 0.002546 0.002026
-164.800 0.987670 -0.262189 0.003243 0.002583 0.002056
-164.600 0.987344 -0.265556 0.003287 0.002619 0.002084
-164.400 0.987013 -0.268920 0.003333 0.002655 0.002113
-164.200 0.986678 -0.272280 0.003378 0.002691 0.002142
-164.000 0.986339 -0.275637 0.003424 0.002728 0.002171
-163.800 0.985996 -0.278991 0.003469 0.002764 0.002200
-163.600 0.985648 -0.282341 0.003516 0.002801 0.002230
-163.400 0.985296 -0.285689 0.003561 0.002837 0.002259
-163.200 0.984940 -0.289032 0.003608 0.002875 0.002288
-163.000 0.984580 -0.292372 0.003653 0.002911 0.002317
-162.800 0.984215 -0.295708 0.003699 0.002947 0.002346
-162.600 0.983846 -0.299041 0.003746 0.002985 0.002376
-162.400 0.983473 -0.302370 0.003792 0.003022 0.002406
-162.200 0.983096 -0.305695 0.003838 0.003059 0.002436
-162.000 0.982714 -0.309017 0.003885 0.003096 0.002465
-161.800 0.982328 -0.312335 0.003932 0.003134 0.002495
-161.600 0.981938 -0.315649 0.003979 0.003172 0.002526
-161.400 0.981544 -0.318959 0.004025 0.003208 0.002555
-161.200 0.981145 -0.322266 0.004072 0.003246 0.002585
-161.000 0.980742 -0.325568 0.004121 0.003285 0.002616
-160.800 0.980335 -0.328867 0.004167 0.003322 0.002645
-160.600 0.979924 -0.332161 0.004215 0.003360 0.002676
-160.400 0.979508 -0.335452 0.004262 0.003398 0.002707
-160.200 0.979088 -0.338738 0.004310 0.003437 0.002737
-160.000 0.978664 -0.342020 0.004357 0.003474 0.002767
-159.800 0.978236 -0.345298 0.004406 0.003513 0.002799
-159.600 0.977804 -0.348572 0.004453 0.003551 0.002829
-159.400 0.977367 -0.351842 0.004503 0.003591 0.002861
-159.200 0.976926 -0.355107 0.004550 0.003629 0.002891
-159.000 0.976481 -0.358368 0.004598 0.003667 0.002922
-158.800 0.976031 -0.361625 0.004647 0.003706 0.002953
-158.600 0.975578 -0.364877 0.004697 0.003746 0.002985
-158.400 0.975120 -0.368125 0.004745 0.003785 0.003016
-158.200 0.974658 -0.371368 0.004793 0.003823 0.003047
-158.000 0.974191 -0.374607 0.004843 0.003863 0.003079
-157.800 0.973721 -0.377841 0.004892 0.003903 0.003110
-157.600 0.973246 -0.381070 0.004941 0.003942 0.003142
-157.400 0.972767 -0.384295 0.004992 0.003983 0.003174
-157.200 0.972284 -0.387516 0.005041 0.004022 0.003206
-157.000 0.971796 -0.390731 0.005091 0.004062 0.003238
-156.800 0.971305 -0.393942 0.005141 0.004102 0.003270
-156.600 0.970809 -0.397148 0.005191 0.004142 0.003302
-156.400 0.970309 -0.400349 0.005242 0.004183 0.003335
-156.200 0.969805 -0.403545 0.005291 0.004222 0.003366
-156.000 0.969296 -0.406737 0.005343 0.004264 0.003400
-155.800 0.968783 -0.409923 0.005394 0.004305 0.003433
-155.600 0.968266 -0.413104 0.005444 0.004345 0.003465
-155.400 0.967745 -0.416281 0.005495 0.004386 0.003498
-155.200 0.967220 -0.419452 0.005547 0.004428 0.003531
-155.000 0.966690 -0.422618 0.005598 0.004469 0.003564
-154.800 0.966156 -0.425779 0.005650 0.004511 0.003597
-154.600 0.965618 -0.428935 0.005702 0.004553 0.003631
-154.400 0.965076 -0.432086 0.005753 0.004594 0.003664
-154.200 0.964530 -0.435231 0.005806 0.004636 0.003698
-154.000 0.963979 -0.438371 0.005859 0.004678 0.003732
-153.800 0.963424 -0.441506 0.005910 0.004719 0.003765
-153.600 0.962865 -0.444635 0.005963 0.004762 0.003799
-153.400 0.962302 -0.447759 0.006017 0.004806 0.003834
-153.200 0.961735 -0.450878 0.006069 0.004847 0.003868
-153.000 0.961163 -0.453991 0.006122 0.004890 0.003902
-152.800 0.960587 -0.457098 0.006175 0.004933 0.003937
-152.600 0.960007 -0.460200 0.006229 0.004976 0.003971
-152.400 0.959423 -0.463296 0.006282 0.005019 0.004006
-152.200 0.958835 -0.466387 0.006338 0.005064 0.004042
-152.000 0.958242 -0.469472 0.006391 0.005106 0.004076
-151.800 0.957646 -0.472551 0.006445 0.005150 0.004111
-151.600 0.957045 -0.475624 0.006500 0.005194 0.004146
-151.400 0.956440 -0.478692 0.006555 0.005239 0.004182
-151.200 0.955830 -0.481754 0.006609 0.005282 0.004217
-151.000 0.955217 -0.484810 0.006664 0.005326 0.004253
-150.800 0.954599 -0.487860 0.006720 0.005371 0.004289
-150.600 0.953977 -0.490904 0.006776 0.005416 0.004325
-150.400 0.953351 -0.493942 0.006832 0.005461 0.004362
-150.200 0.952721 -0.496974 0.006887 0.005506 0.004398
-150.000 0.952087 -0.500000 0.006943 0.005551 0.004434
-149.800 0.951448 -0.503020 0.007000 0.005597 0.004471
-149.600 0.950806 -0.506034 0.007056 0.005642 0.004507
-149.400 0.950159 -0.509042 0.007113 0.005688 0.004544
-149.200 0.949508 -0.512043 0.007170 0.005734 0.004581
-149.000 0.948853 -0.515038 0.007227 0.005780 0.004618
-148.800 0.948194 -0.518027 0.007284 0.005826 0.004656
-148.600 0.947530 -0.521010 0.007343 0.005873 0.004693
-148.400 0.946862 -0.523986 0.007402 0.005921 0.004732
-148.200 0.946191 -0.526956 0.007457 0.005966 0.004768
-148.000 0.945515 -0.529919 0.007518 0.006015 0.004807
-147.800 0.944835 -0.532876 0.007575 0.006061 0.004845
-147.600 0.944151 -0.535827 0.007634 0.006109 0.004883
-147.400 0.943462 -0.538771 0.007695 0.006158 0.004923
-147.200 0.942770 -0.541708 0.007752 0.006204 0.004960
-147.000 0.942073 -0.544639 0.007813 0.006253 0.005000
-146.800 0.941372 -0.547563 0.007871 0.006300 0.005038
-146.600 0.940667 -0.550481 0.007932 0.006350 0.005078
-146.400 0.939958 -0.553392 0.007993 0.006399 0.005117
-146.200 0.939245 -0.556296 0.008053 0.006447 0.005157
-146.000 0.938528 -0.559193 0.008114 0.006496 0.005196
-145.800 0.937807 -0.562083 0.008175 0.006546 0.005236
-145.600 0.937081 -0.564967 0.008236 0.006595 0.005276
-145.400 0.936351 -0.567844 0.008298 0.006645 0.005317
-145.200 0.935618 -0.570714 0.008360 0.006696 0.005357
-145.000 0.934880 -0.573576 0.008422 0.006745 0.005397
-144.800 0.934138 -0.576432 0.008484 0.006796 0.005438
-144.600 0.933392 -0.579281 0.008547 0.006847 0.005480
-144.400 0.932641 -0.582123 0.008610 0.006898 0.005521
-144.200 0.931887 -0.584958 0.008673 0.006949 0.005562
-144.000 0.931129 -0.587785 0.008737 0.007000 0.005604
-143.800 0.930366 -0.590606 0.008800 0.007052 0.005645
-143.600 0.929600 -0.593419 0.008864 0.007104 0.005688
-143.400 0.928829 -0.596225 0.008929 0.007156 0.005730
-143.200 0.928054 -0.599024 0.008994 0.007209 0.005773
-143.000 0.927275 -0.601815 0.009057 0.007260 0.005814
-142.800 0.926492 -0.604599 0.009123 0.007314 0.005858
-142.600 0.925705 -0.607376 0.009189 0.007367 0.005901
-142.400 0.924914 -0.610145 0.009254 0.007420 0.005944
-142.200 0.924119 -0.612907 0.009321 0.007474 0.005988
-142.000 0.923319 -0.615662 0.009386 0.007527 0.006031
-141.800 0.922516 -0.618408 0.009453 0.007581 0.006075
-141.600 0.921709 -0.621148 0.009520 0.007636 0.006119
-141.400 0.920897 -0.623880 0.009588 0.007692 0.006164
-141.200 0.920082 -0.626604 0.009654 0.007745 0.006207
-141.000 0.919262 -0.629320 0.009724 0.007802 0.006253
-140.800 0.918438 -0.632029 0.009791 0.007856 0.006298
-140.600 0.917611 -0.634730 0.009858 0.007911 0.006342
-140.400 0.916779 -0.637424 0.009930 0.007969 0.006389
-140.200 0.915943 -0.640110 0.009998 0.008024 0.006434
-140.000 0.915103 -0.642788 0.010067 0.008080 0.006479
-139.800 0.914259 -0.645458 0.010137 0.008138 0.006526
-139.600 0.913411 -0.648120 0.010208 0.008195 0.006573
-139.400 0.912559 -0.650774 0.010279 0.008253 0.006620
-139.200 0.911703 -0.653421 0.010348 0.008309 0.006666
-139.000 0.910843 -0.656059 0.010420 0.008368 0.006713
-138.800 0.909979 -0.658689 0.010491 0.008426 0.006760
-138.600 0.909111 -0.661312 0.010563 0.008484 0.006808
-138.400 0.908239 -0.663926 0.010636 0.008544 0.006856
-138.200 0.907363 -0.666533 0.010708 0.008602 0.006904
-138.000 0.906483 -0.669131 0.010781 0.008662 0.006953
-137.800 0.905599 -0.671721 0.010855 0.008722 0.007001
-137.600 0.904711 -0.674302 0.010927 0.008781 0.007049
-137.400 0.903819 -0.676876 0.011002 0.008842 0.007099
-137.200 0.902922 -0.679441 0.011077 0.008903 0.007149
-137.000 0.902022 -0.681998 0.011151 0.008964 0.007198
-136.800 0.901118 -0.684547 0.011226 0.009025 0.007248
-136.600 0.900210 -0.687087 0.011302 0.009087 0.007299
-136.400 0.899298 -0.689620 0.011378 0.009148 0.007349
-136.200 0.898382 -0.692143 0.011453 0.009210 0.007399
-136.000 0.897462 -0.694658 0.011532 0.009274 0.007452
-135.800 0.896539 -0.697165 0.011608 0.009336 0.007502
-135.600 0.895611 -0.699663 0.011685 0.009399 0.007553
-135.400 0.894679 -0.702153 0.011763 0.009463 0.007606
-135.200 0.893743 -0.704634 0.011843 0.009528 0.007659
-135.000 0.892803 -0.707107 0.011919 0.009591 0.007710
-134.800 0.891860 -0.709571 0.011998 0.009655 0.007762
-134.600 0.890912 -0.712026 0.012079 0.009722 0.007817
-134.400 0.889961 -0.714473 0.012160 0.009788 0.007870
-134.200 0.889005 -0.716911 0.012237 0.009851 0.007922
-134.000 0.888046 -0.719340 0.012319 0.009918 0.007977
-133.800 0.887082 -0.721760 0.012402 0.009986 0.008032
-133.600 0.886115 -0.724172 0.012481 0.010050 0.008085
-133.400 0.885144 -0.726575 0.012566 0.010120 0.008142
-133.200 0.884169 -0.728969 0.012646 0.010185 0.008196
-133.000 0.883190 -0.731354 0.012729 0.010254 0.008251
-132.800 0.882207 -0.733730 0.012813 0.010322 0.008308
-132.600 0.881221 -0.736097 0.012896 0.010390 0.008363
-132.400 0.880230 -0.738455 0.012982 0.010461 0.008421
-132.200 0.879236 -0.740805 0.013065 0.010529 0.008477
-132.000 0.878237 -0.743145 0.013150 0.010599 0.008534
-131.800 0.877235 -0.745476 0.013236 0.010669 0.008592
-131.600 0.876229 -0.747798 0.013322 0.010740 0.008650
-131.400 0.875219 -0.750111 0.013410 0.010812 0.008708
-131.200 0.874205 -0.752415 0.013496 0.010882 0.008766
-131.000 0.873188 -0.754710 0.013583 0.010954 0.008825
-130.800 0.872166 -0.756995 0.013672 0.011026 0.008885
-130.600 0.871141 -0.759271 0.013759 0.011099 0.008944
-130.400 0.870112 -0.761538 0.013850 0.011173 0.009005
-130.200 0.869079 -0.763796 0.013938 0.011246 0.009064
-130.000 0.868042 -0.766044 0.014028 0.011319 0.009125
-129.800 0.867001 -0.768283 0.014118 0.011393 0.009185
-129.600 0.865957 -0.770513 0.014208 0.011468 0.009247
-129.400 0.864909 -0.772734 0.014302 0.011545 0.009310
-129.200 0.863857 -0.774945 0.014393 0.011620 0.009371
-129.000 0.862801 -0.777146 0.014486 0.011696 0.009434
-128.800 0.861741 -0.779338 0.014579 0.011772 0.009497
-128.600 0.860678 -0.781520 0.014670 0.011848 0.009559
-128.400 0.859611 -0.783694 0.014767 0.011927 0.009624
-128.200 0.858540 -0.785857 0.014861 0.012005 0.009688
-128.000 0.857465 -0.788011 0.014955 0.012082 0.009751
-127.800 0.856387 -0.790155 0.015051 0.012161 0.009817
-127.600 0.855305 -0.792290 0.015148 0.012241 0.009883
-127.400 0.854219 -0.794415 0.015245 0.012321 0.009948
-127.200 0.853129 -0.796530 0.015342 0.012401 0.010014
-127.000 0.852036 -0.798636 0.015439 0.012481 0.010080
-126.800 0.850938 -0.800731 0.015539 0.012563 0.010148
-126.600 0.849837 -0.802818 0.015638 0.012645 0.010215
-126.400 0.848733 -0.804894 0.015736 0.012726 0.010282
-126.200 0.847625 -0.806960 0.015839 0.012811 0.010352
-126.000 0.846513 -0.809017 0.015936 0.012891 0.010418
-125.800 0.845397 -0.811064 0.016040 0.012977 0.010489
-125.600 0.844278 -0.813101 0.016141 0.013061 0.010558
-125.400 0.843155 -0.815128 0.016244 0.013146 0.010628
-125.200 0.842028 -0.817145 0.016346 0.013230 0.010697
-125.000 0.840897 -0.819152 0.016452 0.013317 0.010769
-124.800 0.839764 -0.821149 0.016554 0.013402 0.010839
-124.600 0.838626 -0.823136 0.016661 0.013490 0.010912
-124.400 0.837485 -0.825113 0.016765 0.013576 0.010983
-124.200 0.836340 -0.827081 0.016873 0.013666 0.011057
-124.000 0.835191 -0.829038 0.016979 0.013754 0.011130
-123.800 0.834039 -0.830984 0.017087 0.013843 0.011204
-123.600 0.832883 -0.832921 0.017195 0.013932 0.011278
-123.400 0.831723 -0.834848 0.017304 0.014022 0.011352
-123.200 0.830560 -0.836764 0.017414 0.014113 0.011427
-123.000 0.829394 -0.838671 0.017523 0.014204 0.011502
-122.800 0.828224 -0.840567 0.017635 0.014296 0.011579
-122.600 0.827050 -0.842452 0.017746 0.014389 0.011655
-122.400 0.825872 -0.844328 0.017859 0.014482 0.011733
-122.200 0.824692 -0.846193 0.017972 0.014576 0.011810
-122.000 0.823507 -0.848048 0.018085 0.014670 0.011888
-121.800 0.822319 -0.849893 0.018200 0.014765 0.011967
-121.600 0.821127 -0.851727 0.018314 0.014860 0.012046
-121.400 0.819932 -0.853551 0.018430 0.014956 0.012125
-121.200 0.818734 -0.855364 0.018548 0.015054 0.012207
-121.000 0.817532 -0.857167 0.018662 0.015149 0.012285
-120.800 0.816326 -0.858960 0.018782 0.015249 0.012368
-120.600 0.815117 -0.860742 0.018901 0.015348 0.012450
-120.400 0.813904 -0.862514 0.019020 0.015446 0.012532
-120.200 0.812688 -0.864275 0.019140 0.015546 0.012615
-120.000 0.811469 -0.866025 0.019261 0.015647 0.012698
-119.800 0.810246 -0.867765 0.019382 0.015748 0.012782
-119.600 0.809019 -0.869495 0.019507 0.015851 0.012868
-119.400 0.807789 -0.871214 0.019628 0.015952 0.012952
-119.200 0.806556 -0.872922 0.019753 0.016056 0.013038
-119.000 0.805319 -0.874620 0.019877 0.016159 0.013124
-118.800 0.804079 -0.876307 0.020003 0.016264 0.013211
-118.600 0.802835 -0.877983 0.020131 0.016371 0.013300
-118.400 0.801588 -0.879649 0.020256 0.016475 0.013387
-118.200 0.800338 -0.881303 0.020385 0.016583 0.013476
-118.000 0.799084 -0.882948 0.020511 0.016688 0.013564
-117.800 0.797827 -0.884581 0.020643 0.016798 0.013656
-117.600 0.796566 -0.886204 0.020774 0.016907 0.013746
-117.400 0.795302 -0.887815 0.020906 0.017017 0.013838
-117.200 0.794035 -0.889416 0.021037 0.017127 0.013929
-117.000 0.792764 -0.891007 0.021171 0.017238 0.014022
-116.800 0.791490 -0.892586 0.021304 0.017350 0.014115
-116.600 0.790213 -0.894154 0.021439 0.017462 0.014209
-116.400 0.788933 -0.895712 0.021574 0.017575 0.014304
-116.200 0.787649 -0.897258 0.021712 0.017691 0.014400
-116.000 0.786362 -0.898794 0.021848 0.017804 0.014494
-115.800 0.785071 -0.900319 0.021988 0.017921 0.014592
-115.600 0.783777 -0.901833 0.022126 0.018037 0.014689
-115.400 0.782480 -0.903335 0.022267 0.018155 0.014787
-115.200 0.781180 -0.904827 0.022407 0.018272 0.014885
-115.000 0.779877 -0.906308 0.022551 0.018392 0.014986
-114.800 0.778570 -0.907777 0.022691 0.018509 0.015084
-114.600 0.777260 -0.909236 0.022839 0.018633 0.015187
-114.400 0.775947 -0.910684 0.022982 0.018753 0.015287
-114.200 0.774631 -0.912120 0.023128 0.018876 0.015390
-114.000 0.773311 -0.913545 0.023274 0.018998 0.015492
-113.800 0.771989 -0.914960 0.023423 0.019122 0.015596
-113.600 0.770663 -0.916363 0.023573 0.019248 0.015702
-113.400 0.769334 -0.917755 0.023720 0.019372 0.015806
-113.200 0.768002 -0.919135 0.023874 0.019501 0.015914
-113.000 0.766667 -0.920505 0.024023 0.019626 0.016018
-112.800 0.765328 -0.921863 0.024177 0.019755 0.016126
-112.600 0.763987 -0.923210 0.024333 0.019886 0.016236
-112.400 0.762642 -0.924546 0.024485 0.020014 0.016344
-112.200 0.761294 -0.925871 0.024643 0.020147 0.016455
-112.000 0.759944 -0.927184 0.024800 0.020279 0.016566
-111.800 0.758590 -0.928486 0.024957 0.020410 0.016676
-111.600 0.757233 -0.929776 0.025119 0.020547 0.016791
-111.400 0.755873 -0.931056 0.025277 0.020680 0.016902
-111.200 0.754510 -0.932324 0.025438 0.020816 0.017016
-111.000 0.753144 -0.933580 0.025602 0.020954 0.017132
-110.800 0.751775 -0.934826 0.025767 0.021092 0.017248
-110.600 0.750403 -0.936060 0.025931 0.021230 0.017365
-110.400 0.749028 -0.937282 0.026096 0.021369 0.017482
-110.200 0.747650 -0.938493 0.026263 0.021510 0.017600
-110.000 0.746269 -0.939693 0.026434 0.021654 0.017721
-109.800 0.744885 -0.940881 0.026601 0.021795 0.017840
-109.600 0.743498 -0.942057 0.026772 0.021939 0.017961
-109.400 0.742109 -0.943223 0.026945 0.022085 0.018084
-109.200 0.740716 -0.944376 0.027118 0.022231 0.018207
-109.000 0.739320 -0.945519 0.027292 0.022378 0.018330
-108.800 0.737922 -0.946649 0.027468 0.022526 0.018455
-108.600 0.736521 -0.947768 0.027645 0.022676 0.018581
-108.400 0.735116 -0.948876 0.027823 0.022826 0.018709
-108.200 0.733709 -0.949972 0.028002 0.022977 0.018836
-108.000 0.732300 -0.951057 0.028182 0.023130 0.018965
-107.800 0.730887 -0.952129 0.028366 0.023285 0.019095
-107.600 0.729471 -0.953191 0.028548 0.023439 0.019225
-107.400 0.728053 -0.954240 0.028731 0.023594 0.019356
-107.200 0.726632 -0.955278 0.028921 0.023754 0.019492
-107.000 0.725208 -0.956305 0.029105 0.023910 0.019623
-106.800 0.723781 -0.957319 0.029294 0.024071 0.019759
-106.600 0.722352 -0.958323 0.029485 0.024232 0.019895
-106.400 0.720920 -0.959314 0.029676 0.024394 0.020032
-106.200 0.719485 -0.960294 0.029870 0.024558 0.020171
-106.000 0.718047 -0.961262 0.030060 0.024719 0.020308
-105.800 0.716607 -0.962218 0.030258 0.024887 0.020450
-105.600 0.715164 -0.963163 0.030455 0.025054 0.020591
-105.400 0.713719 -0.964095 0.030653 0.025222 0.020733
-105.200 0.712270 -0.965017 0.030853 0.025392 0.020877
-105.000 0.710819 -0.965926 0.031054 0.025562 0.021021
-104.800 0.709366 -0.966823 0.031256 0.025734 0.021167
-104.600 0.707910 -0.967709 0.031462 0.025909 0.021315
-104.400 0.706451 -0.968583 0.031667 0.026083 0.021463
-104.200 0.704990 -0.969445 0.031875 0.026259 0.021612
-104.000 0.703526 -0.970296 0.032081 0.026435 0.021762
-103.800 0.702059 -0.971134 0.032294 0.026616 0.021915
-103.600 0.700590 -0.971961 0.032505 0.026796 0.022067
-103.400 0.699119 -0.972776 0.032719 0.026978 0.022222
-103.200 0.697645 -0.973579 0.032935 0.027161 0.022378
-103.000 0.696168 -0.974370 0.033148 0.027343 0.022532
-102.800 0.694689 -0.975149 0.033369 0.027531 0.022692
-102.600 0.693208 -0.975917 0.033589 0.027719 0.022852
-102.400 0.691724 -0.976672 0.033808 0.027905 0.023011
-102.200 0.690238 -0.977416 0.034035 0.028099 0.023175
-102.000 0.688749 -0.978148 0.034257 0.028288 0.023336
-101.800 0.687258 -0.978867 0.034483 0.028481 0.023501
-101.600 0.685764 -0.979575 0.034715 0.028679 0.023669
-101.400 0.684268 -0.980271 0.034941 0.028872 0.023833
-101.200 0.682770 -0.980955 0.035176 0.029072 0.024004
-101.000 0.681269 -0.981627 0.035407 0.029270 0.024172
-100.800 0.679766 -0.982287 0.035643 0.029471 0.024344
-100.600 0.678261 -0.982935 0.035882 0.029675 0.024518
-100.400 0.676753 -0.983571 0.036119 0.029877 0.024691
-100.200 0.675243 -0.984196 0.036359 0.030083 0.024866
-100.000 0.673731 -0.984808 0.036605 0.030293 0.025046
-99.800 0.672217 -0.985408 0.036845 0.030499 0.025221
-99.600 0.670700 -0.985996 0.037095 0.030713 0.025404
-99.400 0.669181 -0.986572 0.037339 0.030922 0.025583
-99.200 0.667660 -0.987136 0.037593 0.031139 0.025768
-99.000 0.666137 -0.987688 0.037844 0.031354 0.025952
-98.800 0.664611 -0.988228 0.038098 0.031572 0.026138
-98.600 0.663084 -0.988756 0.038354 0.031791 0.026326
-98.400 0.661554 -0.989272 0.038611 0.032012 0.026515
-98.200 0.660022 -0.989776 0.038872 0.032235 0.026706
-98.000 0.658488 -0.990268 0.039132 0.032459 0.026898
-97.800 0.656952 -0.990748 0.039398 0.032687 0.027092
-97.600 0.655414 -0.991216 0.039663 0.032915 0.027288
-97.400 0.653874 -0.991671 0.039930 0.033144 0.027484
-97.200 0.652331 -0.992115 0.040204 0.033379 0.027686
-97.000 0.650787 -0.992546 0.040474 0.033611 0.027885
-96.800 0.649241 -0.992966 0.040748 0.033847 0.028088
-96.600 0.647693 -0.993373 0.041025 0.034085 0.028292
-96.400 0.646142 -0.993768 0.041303 0.034324 0.028497
-96.200 0.644590 -0.994151 0.041587 0.034569 0.028707
-96.000 0.643036 -0.994522 0.041868 0.034811 0.028915
-95.800 0.641480 -0.994881 0.042154 0.035057 0.029126
-95.600 0.639922 -0.995227 0.042442 0.035305 0.029340
-95.400 0.638362 -0.995562 0.042734 0.035556 0.029555
-95.200 0.636800 -0.995884 0.043026 0.035808 0.029772
-95.000 0.635237 -0.996195 0.043317 0.036059 0.029988
-94.800 0.633672 -0.996493 0.043617 0.036318 0.030211
-94.600 0.632104 -0.996779 0.043918 0.036577 0.030434
-94.400 0.630535 -0.997053 0.044217 0.036836 0.030657
-94.200 0.628964 -0.997315 0.044524 0.037101 0.030885
-94.000 0.627392 -0.997564 0.044830 0.037365 0.031113
-93.800 0.625818 -0.997801 0.045138 0.037631 0.031342
-93.600 0.624242 -0.998027 0.045450 0.037901 0.031575
-93.400 0.622664 -0.998240 0.045767 0.038175 0.031811
-93.200 0.621084 -0.998441 0.046081 0.038446 0.032045
-93.000 0.619503 -0.998630 0.046402 0.038724 0.032285
-92.800 0.617921 -0.998806 0.046724 0.039002 0.032526
-92.600 0.616336 -0.998971 0.047049 0.039284 0.032769
-92.400 0.614750 -0.999123 0.047375 0.039567 0.033013
-92.200 0.613163 -0.999263 0.047707 0.039854 0.033261
-92.000 0.611574 -0.999391 0.048036 0.040139 0.033508
-91.800 0.609983 -0.999507 0.048374 0.040432 0.033762
-91.600 0.608391 -0.999610 0.048714 0.040727 0.034016
-91.400 0.606797 -0.999701 0.049052 0.041021 0.034271
-91.200 0.605201 -0.999781 0.049399 0.041321 0.034531
-91.000 0.603605 -0.999848 0.049742 0.041620 0.034789
-90.800 0.602007 -0.999903 0.050091 0.041923 0.035052
-90.600 0.600407 -0.999945 0.050448 0.042233 0.035320
-90.400 0.598806 -0.999976 0.050802 0.042540 0.035587
-90.200 0.597203 -0.999994 0.051162 0.042853 0.035858
-90.000 0.595599 -1.000000 0.051521 0.043165 0.036129
-89.800 0.593994 -0.999994 0.051883 0.043480 0.036403
-89.600 0.592387 -0.999976 0.052256 0.043805 0.036685
-89.400 0.590779 -0.999945 0.052624 0.044125 0.036963
-89.200 0.589170 -0.999903 0.053000 0.044452 0.037247
-89.000 0.587560 -0.999848 0.053370 0.044775 0.037528
-88.800 0.585948 -0.999781 0.053754 0.045109 0.037818
-88.600 0.584335 -0.999701 0.054141 0.045447 0.038112
-88.400 0.582721 -0.999610 0.054521 0.045779 0.038401
-88.200 0.581105 -0.999507 0.054914 0.046121 0.038699
-88.000 0.579488 -0.999391 0.055307 0.046464 0.038997
-87.800 0.577871 -0.999263 0.055701 0.046808 0.039297
-87.600 0.576252 -0.999123 0.056105 0.047161 0.039604
-87.400 0.574631 -0.998971 0.056506 0.047511 0.039910
-87.200 0.573010 -0.998806 0.056912 0.047867 0.040219
-87.000 0.571388 -0.998630 0.057322 0.048224 0.040532
-86.800 0.569765 -0.998441 0.057738 0.048588 0.040849
-86.600 0.568140 -0.998240 0.058152 0.048951 0.041166
-86.400 0.566515 -0.998027 0.058575 0.049321 0.041489
-86.200 0.564888 -0.997801 0.058998 0.049692 0.041813
-86.000 0.563261 -0.997564 0.059424 0.050065 0.042139
-85.800 0.561632 -0.997314 0.059858 0.050445 0.042471
-85.600 0.560003 -0.997053 0.060293 0.050827 0.042805
-85.400 0.558373 -0.996779 0.060732 0.051211 0.043141
-85.200 0.556742 -0.996493 0.061177 0.051602 0.043483
-85.000 0.555110 -0.996195 0.061622 0.051992 0.043825
-84.800 0.553477 -0.995884 0.062072 0.052387 0.044171
-84.600 0.551843 -0.995562 0.062530 0.052790 0.044523
-84.400 0.550209 -0.995227 0.062987 0.053191 0.044875
-84.200 0.548573 -0.994881 0.063451 0.053598 0.045232
-84.000 0.546937 -0.994522 0.063915 0.054007 0.045591
-83.800 0.545300 -0.994151 0.064385 0.054420 0.045953
-83.600 0.543663 -0.993768 0.064865 0.054843 0.046324
-83.400 0.542024 -0.993373 0.065340 0.055261 0.046691
-83.200 0.540385 -0.992966 0.065825 0.055688 0.047066
-83.000 0.538746 -0.992546 0.066312 0.056117 0.047443
-82.800 0.537106 -0.992115 0.066805 0.056551 0.047824
-82.600 0.535465 -0.991671 0.067302 0.056990 0.048210
-82.400 0.533823 -0.991216 0.067800 0.057428 0.048596
-82.200 0.532181 -0.990748 0.068308 0.057877 0.048991
-82.000 0.530538 -0.990268 0.068817 0.058326 0.049386
-81.800 0.528895 -0.989776 0.069332 0.058780 0.049786
-81.600 0.527252 -0.989272 0.069851 0.059239 0.050190
-81.400 0.525607 -0.988756 0.070373 0.059700 0.050597
-81.200 0.523963 -0.988228 0.070902 0.060168 0.051009
-81.000 0.522318 -0.987688 0.071433 0.060638 0.051424
-80.800 0.520672 -0.987136 0.071974 0.061116 0.051846
-80.600 0.519026 -0.986572 0.072517 0.061597 0.052270
-80.400 0.517380 -0.985996 0.073062 0.062079 0.052696
-80.200 0.515733 -0.985408 0.073619 0.062572 0.053131
-80.000 0.514087 -0.984808 0.074169 0.063060 0.053563
-79.800 0.512439 -0.984196 0.074738 0.063564 0.054008
-79.600 0.510792 -0.983571 0.075305 0.064067 0.054453
-79.400 0.509144 -0.982935 0.075872 0.064570 0.054899
-79.200 0.507496 -0.982287 0.076458 0.065090 0.055358
-79.000 0.505848 -0.981627 0.077036 0.065604 0.055813
-78.800 0.504199 -0.980955 0.077624 0.066126 0.056276
-78.600 0.502551 -0.980271 0.078223 0.066658 0.056747
-78.400 0.500902 -0.979575 0.078820 0.067189 0.057218
-78.200 0.499253 -0.978867 0.079426 0.067727 0.057696
-78.000 0.497604 -0.978148 0.080035 0.068269 0.058176
-77.800 0.495955 -0.977416 0.080651 0.068817 0.058663
-77.600 0.494306 -0.976672 0.081275 0.069373 0.059156
-77.400 0.492657 -0.975917 0.081899 0.069929 0.059650
-77.200 0.491007 -0.975149 0.082538 0.070498 0.060156
-77.000 0.489358 -0.974370 0.083174 0.071065 0.060660
-76.800 0.487709 -0.973579 0.083818 0.071639 0.061171
-76.600 0.486060 -0.972776 0.084472 0.072223 0.061690
-76.400 0.484411 -0.971961 0.085129 0.072809 0.062212
-76.200 0.482762 -0.971134 0.085792 0.073402 0.062740
-76.000 0.481113 -0.970296 0.086462 0.074000 0.063272
-75.800 0.479465 -0.969445 0.087137 0.074603 0.063810
-75.600 0.477816 -0.968583 0.087821 0.075215 0.064355
-75.400 0.476168 -0.967709 0.088510 0.075831 0.064905
-75.200 0.474520 -0.966823 0.089202 0.076450 0.065458
-75.000 0.472872 -0.965926 0.089906 0.077081 0.066020
-74.800 0.471225 -0.965016 0.090615 0.077715 0.066587
-74.600 0.469578 -0.964095 0.091327 0.078353 0.067157
-74.400 0.467931 -0.963163 0.092050 0.079001 0.067736
-74.200 0.466284 -0.962218 0.092784 0.079659 0.068325
-74.000 0.464638 -0.961262 0.093513 0.080314 0.068910
-73.800 0.462993 -0.960294 0.094255 0.080979 0.069506
-73.600 0.461347 -0.959314 0.095010 0.081657 0.070113
-73.400 0.459702 -0.958323 0.095761 0.082332 0.070717
-73.200 0.458058 -0.957319 0.096532 0.083024 0.071337
-73.000 0.456414 -0.956305 0.097297 0.083713 0.071955
-72.800 0.454771 -0.955278 0.098074 0.084411 0.072581
-72.600 0.453128 -0.954240 0.098869 0.085127 0.073223
-72.400 0.451485 -0.953191 0.099655 0.085835 0.073859
-72.200 0.449844 -0.952129 0.100457 0.086556 0.074507
-72.000 0.448203 -0.951056 0.101271 0.087290 0.075166
-71.800 0.446562 -0.949972 0.102083 0.088022 0.075823
-71.600 0.444922 -0.948876 0.102910 0.088767 0.076494
-71.400 0.443283 -0.947768 0.103740 0.089516 0.077168
-71.200 0.441645 -0.946649 0.104582 0.090276 0.077852
-71.000 0.440007 -0.945519 0.105431 0.091043 0.078542
-70.800 0.438370 -0.944376 0.106286 0.091816 0.079238
-70.600 0.436734 -0.943223 0.107151 0.092597 0.079942
-70.400 0.435099 -0.942057 0.108030 0.093392 0.080659
-70.200 0.433464 -0.940881 0.108913 0.094190 0.081379
-70.000 0.431831 -0.939693 0.109794 0.094989 0.082099
-69.800 0.430198 -0.938493 0.110700 0.095808 0.082839
-69.600 0.428566 -0.937282 0.111609 0.096632 0.083583
-69.400 0.426935 -0.936060 0.112529 0.097465 0.084336
-69.200 0.425305 -0.934826 0.113452 0.098302 0.085093
-69.000 0.423676 -0.933580 0.114381 0.099145 0.085856
-68.800 0.422048 -0.932324 0.115336 0.100011 0.086639
-68.600 0.420421 -0.931056 0.116285 0.100873 0.087419
-68.400 0.418795 -0.929776 0.117247 0.101747 0.088211
-68.200 0.417170 -0.928486 0.118226 0.102636 0.089016
-68.000 0.415546 -0.927184 0.119201 0.103523 0.089820
-67.800 0.413924 -0.925871 0.120193 0.104425 0.090638
-67.600 0.412302 -0.924546 0.121204 0.105345 0.091472
-67.400 0.410682 -0.923210 0.122206 0.106258 0.092301
-67.200 0.409063 -0.921863 0.123238 0.107198 0.093154
-67.000 0.407445 -0.920505 0.124262 0.108131 0.094002
-66.800 0.405829 -0.919135 0.125303 0.109080 0.094865
-66.600 0.404213 -0.917755 0.126367 0.110050 0.095747
-66.400 0.402599 -0.916363 0.127416 0.111008 0.096619
-66.200 0.400987 -0.914960 0.128500 0.111997 0.097519
-66.000 0.399375 -0.913545 0.129583 0.112987 0.098420
-65.800 0.397765 -0.912120 0.130673 0.113983 0.099328
-65.600 0.396157 -0.910684 0.131785 0.114999 0.100254
-65.400 0.394550 -0.909236 0.132904 0.116023 0.101188
-65.200 0.392944 -0.907777 0.134031 0.117055 0.102129
-65.000 0.391340 -0.906308 0.135171 0.118099 0.103082
-64.800 0.389737 -0.904827 0.136319 0.119151 0.104043
-64.600 0.388136 -0.903335 0.137487 0.120221 0.105020
-64.400 0.386537 -0.901833 0.138663 0.121299 0.106006
-64.200 0.384938 -0.900319 0.139850 0.122388 0.107002
-64.000 0.383342 -0.898794 0.141045 0.123485 0.108006
-63.800 0.381747 -0.897258 0.142258 0.124598 0.109025
-63.600 0.380154 -0.895712 0.143485 0.125725 0.110057
-63.400 0.378563 -0.894154 0.144714 0.126856 0.111093
-63.200 0.376973 -0.892586 0.145967 0.128008 0.112150
-63.000 0.375385 -0.891007 0.147233 0.129173 0.113217
-62.800 0.373799 -0.889416 0.148501 0.130340 0.114289
-62.600 0.372214 -0.887815 0.149791 0.131528 0.115380
-62.400 0.370632 -0.886204 0.151086 0.132722 0.116477
-62.200 0.369051 -0.884581 0.152404 0.133937 0.117593
-62.000 0.367472 -0.882948 0.153735 0.135164 0.118721
-61.800 0.365895 -0.881303 0.155071 0.136397 0.119856
-61.600 0.364320 -0.879649 0.156427 0.137650 0.121008
-61.400 0.362747 -0.877983 0.157789 0.138908 0.122167
-61.200 0.361175 -0.876307 0.159178 0.140192 0.123350
-61.000 0.359606 -0.874620 0.160574 0.141482 0.124539
-60.800 0.358039 -0.872922 0.161986 0.142789 0.125745
-60.600 0.356473 -0.871214 0.163409 0.144106 0.126960
-60.400 0.354910 -0.869495 0.164845 0.145436 0.128188
-60.200 0.353349 -0.867765 0.166306 0.146790 0.129438
-60.000 0.351790 -0.866025 0.167774 0.148151 0.130696
-59.800 0.350233 -0.864275 0.169263 0.149532 0.131973
-59.600 0.348679 -0.862514 0.170759 0.150921 0.133258
-59.400 0.347126 -0.860742 0.172278 0.152331 0.134563
-59.200 0.345576 -0.858960 0.173811 0.153755 0.135882
-59.000 0.344028 -0.857167 0.175351 0.155187 0.137209
-58.800 0.342482 -0.855364 0.176918 0.156644 0.138559
-58.600 0.340939 -0.853551 0.178504 0.158120 0.139927
-58.400 0.339398 -0.851727 0.180097 0.159604 0.141304
-58.200 0.337859 -0.849893 0.181706 0.161103 0.142696
-58.000 0.336322 -0.848048 0.183339 0.162624 0.144110
-57.800 0.334788 -0.846193 0.184988 0.164162 0.145538
-57.600 0.333257 -0.844328 0.186653 0.165715 0.146983
-57.400 0.331727 -0.842452 0.188325 0.167277 0.148436
-57.200 0.330201 -0.840567 0.190040 0.168877 0.149926
-57.000 0.328676 -0.838671 0.191745 0.170472 0.151411
-56.800 0.327155 -0.836764 0.193485 0.172098 0.152926
-56.600 0.325635 -0.834848 0.195237 0.173737 0.154454
-56.400 0.324119 -0.832921 0.197002 0.175389 0.155996
-56.200 0.322605 -0.830984 0.198797 0.177070 0.157565
-56.000 0.321093 -0.829038 0.200606 0.178765 0.159147
-55.800 0.319584 -0.827081 0.202432 0.180477 0.160747
-55.600 0.318078 -0.825113 0.204276 0.182207 0.162365
-55.400 0.316575 -0.823136 0.206143 0.183959 0.164004
-55.200 0.315074 -0.821149 0.208028 0.185730 0.165661
-55.000 0.313576 -0.819152 0.209936 0.187523 0.167340
-54.800 0.312081 -0.817145 0.211858 0.189330 0.169033
-54.600 0.310589 -0.815128 0.213804 0.191161 0.170749
-54.400 0.309099 -0.813101 0.215769 0.193010 0.172484
-54.200 0.307612 -0.811064 0.217754 0.194879 0.174238
-54.000 0.306128 -0.809017 0.219768 0.196776 0.176019
-53.800 0.304647 -0.806960 0.221796 0.198689 0.177816
-53.600 0.303169 -0.804894 0.223839 0.200617 0.179628
-53.400 0.301694 -0.802817 0.225908 0.202569 0.181465
-53.200 0.300222 -0.800731 0.228007 0.204551 0.183330
-53.000 0.298753 -0.798635 0.230122 0.206550 0.185212
-52.800 0.297287 -0.796530 0.232262 0.208573 0.187118
-52.600 0.295824 -0.794415 0.234413 0.210608 0.189037
-52.400 0.294363 -0.792290 0.236595 0.212674 0.190986
-52.200 0.292906 -0.790155 0.238811 0.214772 0.192965
-52.000 0.291453 -0.788011 0.241031 0.216876 0.194953
-51.800 0.290002 -0.785857 0.243284 0.219013 0.196972
-51.600 0.288554 -0.783693 0.245562 0.221174 0.199015
-51.400 0.287110 -0.781520 0.247853 0.223350 0.201073
-51.200 0.285669 -0.779338 0.250185 0.225564 0.203169
-51.000 0.284231 -0.777146 0.252537 0.227799 0.205285
-50.800 0.282796 -0.774944 0.254902 0.230049 0.207417
-50.600 0.281365 -0.772734 0.257299 0.232330 0.209581
-50.400 0.279937 -0.770513 0.259717 0.234633 0.211765
-50.200 0.278512 -0.768284 0.262170 0.236970 0.213983
-50.000 0.277091 -0.766044 0.264642 0.239326 0.216221
-49.800 0.275673 -0.763796 0.267150 0.241718 0.218494
-49.600 0.274258 -0.761538 0.269666 0.244120 0.220779
-49.400 0.272847 -0.759271 0.272216 0.246555 0.223097
-49.200 0.271440 -0.756995 0.274801 0.249025 0.225448
-49.000 0.270035 -0.754710 0.277401 0.251512 0.227817
-48.800 0.268635 -0.752415 0.280040 0.254036 0.230223
-48.600 0.267238 -0.750111 0.282704 0.256586 0.232655
-48.400 0.265844 -0.747798 0.285379 0.259150 0.235102
-48.200 0.264454 -0.745476 0.288091 0.261749 0.237585
-48.000 0.263068 -0.743145 0.290850 0.264395 0.240112
-47.800 0.261685 -0.740805 0.293614 0.267048 0.242650
-47.600 0.260306 -0.738455 0.296423 0.269745 0.245230
-47.400 0.258930 -0.736097 0.299237 0.272450 0.247819
-47.200 0.257559 -0.733730 0.302111 0.275212 0.250465
-47.000 0.256191 -0.731354 0.304993 0.277986 0.253124
-46.800 0.254826 -0.728969 0.307914 0.280798 0.255821
-46.600 0.253466 -0.726575 0.310859 0.283635 0.258544
-46.400 0.252109 -0.724172 0.313839 0.286508 0.261302
-46.200 0.250756 -0.721760 0.316856 0.289417 0.264098
-46.000 0.249407 -0.719340 0.319889 0.292345 0.266913
-45.800 0.248062 -0.716911 0.322962 0.295313 0.269769
-45.600 0.246720 -0.714473 0.326065 0.298312 0.272655
-45.400 0.245383 -0.712026 0.329187 0.301332 0.275566
-45.200 0.244050 -0.709571 0.332369 0.304410 0.278532
-45.000 0.242720 -0.707107 0.335571 0.307511 0.281523
-44.800 0.241394 -0.704634 0.338786 0.310626 0.284531
-44.600 0.240073 -0.702153 0.342070 0.313809 0.287604
-44.400 0.238755 -0.699663 0.345339 0.316983 0.290672
-44.200 0.237442 -0.697165 0.348688 0.320233 0.293814
-44.000 0.236133 -0.694658 0.352045 0.323495 0.296971
-43.800 0.234827 -0.692143 0.355446 0.326801 0.300172
-43.600 0.233526 -0.689620 0.358864 0.330126 0.303395
-43.400 0.232229 -0.687088 0.362336 0.333506 0.306672
-43.200 0.230936 -0.684547 0.365840 0.336919 0.309983
-43.000 0.229648 -0.681998 0.369360 0.340351 0.313315
-42.800 0.228363 -0.679441 0.372941 0.343844 0.316708
-42.600 0.227083 -0.676876 0.376545 0.347361 0.320127
-42.400 0.225807 -0.674302 0.380169 0.350902 0.323573
-42.200 0.224535 -0.671721 0.383851 0.354500 0.327075
-42.000 0.223268 -0.669131 0.387566 0.358133 0.330614
-41.800 0.222005 -0.666532 0.391318 0.361805 0.334193
-41.600 0.220746 -0.663926 0.395075 0.365487 0.337786
-41.400 0.219491 -0.661312 0.398908 0.369243 0.341451
-41.200 0.218241 -0.658689 0.402769 0.373029 0.345150
-41.000 0.216996 -0.656059 0.406645 0.376835 0.348870
-40.800 0.215755 -0.653421 0.410577 0.380696 0.352647
-40.600 0.214518 -0.650774 0.414548 0.384599 0.356467
-40.400 0.213286 -0.648120 0.418557 0.388542 0.360329
-40.200 0.212058 -0.645458 0.422582 0.392505 0.364214
-40.000 0.210835 -0.642788 0.426664 0.396525 0.368157
-39.800 0.209616 -0.640110 0.430779 0.400581 0.372139
-39.600 0.208402 -0.637424 0.434940 0.404685 0.376169
-39.400 0.207193 -0.634731 0.439115 0.408808 0.380222
-39.200 0.205988 -0.632029 0.443355 0.412996 0.384341
-39.000 0.204788 -0.629320 0.447622 0.417214 0.388494
-38.800 0.203592 -0.626604 0.451930 0.421475 0.392691
-38.600 0.202401 -0.623880 0.456264 0.425767 0.396922
-38.400 0.201215 -0.621148 0.460644 0.430107 0.401204
-38.200 0.200033 -0.618408 0.465078 0.434502 0.405542
-38.000 0.198856 -0.615661 0.469532 0.438922 0.409909
-37.800 0.197684 -0.612907 0.474032 0.443391 0.414328
-37.600 0.196517 -0.610145 0.478566 0.447897 0.418786
-37.400 0.195355 -0.607376 0.483133 0.452439 0.423284
-37.200 0.194197 -0.604599 0.487740 0.457025 0.427827
-37.000 0.193044 -0.601815 0.492416 0.461681 0.432443
-36.800 0.191896 -0.599024 0.497103 0.466353 0.437080
-36.600 0.190753 -0.596225 0.501822 0.471062 0.441757
-36.400 0.189615 -0.593419 0.506581 0.475813 0.446480
-36.200 0.188482 -0.590606 0.511403 0.480630 0.451269
-36.000 0.187353 -0.587785 0.516233 0.485461 0.456079
-35.800 0.186230 -0.584958 0.521135 0.490365 0.460963
-35.600 0.185112 -0.582123 0.526036 0.495274 0.465858
-35.400 0.183998 -0.579281 0.531000 0.500249 0.470822
-35.200 0.182890 -0.576432 0.535995 0.505260 0.475825
-35.000 0.181787 -0.573576 0.541028 0.510314 0.480874
-34.800 0.180689 -0.570714 0.546100 0.515410 0.485971
-34.600 0.179595 -0.567844 0.551202 0.520540 0.491106
-34.400 0.178507 -0.564967 0.556350 0.525721 0.496295
-34.200 0.177425 -0.562083 0.561509 0.530919 0.501507
-34.000 0.176347 -0.559193 0.566768 0.536218 0.506821
-33.800 0.175274 -0.556296 0.571974 0.541473 0.512100
-33.600 0.174207 -0.553392 0.577289 0.546838 0.517490
-33.400 0.173144 -0.550481 0.582593 0.552200 0.522883
-33.200 0.172087 -0.547563 0.587961 0.557629 0.528347
-33.000 0.171036 -0.544639 0.593345 0.563080 0.533839
-32.800 0.169989 -0.541708 0.598772 0.568579 0.539384
-32.600 0.168948 -0.538771 0.604214 0.574099 0.544955
-32.400 0.167912 -0.535827 0.609699 0.579666 0.550578
-32.200 0.166881 -0.532876 0.615236 0.585291 0.556262
-32.000 0.165856 -0.529919 0.620764 0.590914 0.561953
-31.800 0.164836 -0.526956 0.626354 0.596603 0.567713
-31.600 0.163822 -0.523986 0.631964 0.602318 0.573505
-31.400 0.162812 -0.521010 0.637582 0.608048 0.579318
-31.200 0.161809 -0.518027 0.643271 0.613853 0.585211
-31.000 0.160810 -0.515038 0.648956 0.619661 0.591113
-30.800 0.159817 -0.512043 0.654678 0.625512 0.597064
-30.600 0.158830 -0.509041 0.660403 0.631373 0.603032
-30.400 0.157848 -0.506034 0.666198 0.637309 0.609079
-30.200 0.156872 -0.503020 0.671959 0.643218 0.615108
-30.000 0.155901 -0.500000 0.677789 0.649202 0.621216
-29.800 0.154935 -0.496974 0.683617 0.655190 0.627335
-29.600 0.153975 -0.493942 0.689476 0.661217 0.633499
-29.400 0.153021 -0.490904 0.695304 0.667221 0.639649
-29.200 0.152072 -0.487860 0.701250 0.673345 0.645921
-29.000 0.151129 -0.484810 0.707110 0.679394 0.652129
-28.800 0.150192 -0.481754 0.713048 0.685526 0.658425
-28.600 0.149260 -0.478692 0.718959 0.691639 0.664710
-28.400 0.148334 -0.475624 0.724908 0.697796 0.671045
-28.200 0.147413 -0.472551 0.730853 0.703957 0.677391
-28.000 0.146499 -0.469472 0.736833 0.710159 0.683785
-27.800 0.145589 -0.466387 0.742778 0.716334 0.690160
-27.600 0.144686 -0.463296 0.748754 0.722547 0.696579
-27.400 0.143788 -0.460200 0.754725 0.728763 0.703009
-27.200 0.142896 -0.457098 0.760682 0.734971 0.709439
-27.000 0.142010 -0.453990 0.766650 0.741199 0.715896
-26.800 0.141130 -0.450878 0.772629 0.747444 0.722377
-26.600 0.140255 -0.447759 0.778602 0.753691 0.728868
-26.400 0.139387 -0.444635 0.784528 0.759899 0.735328
-26.200 0.138524 -0.441506 0.790497 0.766156 0.741844
-26.000 0.137667 -0.438371 0.796396 0.772354 0.748309
-25.800 0.136816 -0.435231 0.802327 0.778588 0.754817
-25.600 0.135970 -0.432086 0.808207 0.784780 0.761292
-25.400 0.135131 -0.428935 0.814122 0.791015 0.767815
-25.200 0.134298 -0.425779 0.819930 0.797151 0.774250
-25.000 0.133470 -0.422618 0.825795 0.803349 0.780753
-24.800 0.132648 -0.419452 0.831578 0.809475 0.787193
-24.600 0.131833 -0.416281 0.837353 0.815600 0.793639
-24.400 0.131023 -0.413104 0.843084 0.821688 0.800056
-24.200 0.130220 -0.409923 0.848746 0.827716 0.806422
-24.000 0.129422 -0.406737 0.854466 0.833807 0.812856
-23.800 0.128630 -0.403545 0.860029 0.839751 0.819153
-23.600 0.127845 -0.400349 0.865626 0.845734 0.825495
-23.400 0.127065 -0.397148 0.871122 0.851624 0.831754
-23.200 0.126292 -0.393942 0.876559 0.857464 0.837969
-23.000 0.125524 -0.390731 0.881994 0.863307 0.844194
-22.800 0.124763 -0.387516 0.887304 0.869034 0.850312
-22.600 0.124008 -0.384295 0.892606 0.874758 0.856433
-22.400 0.123259 -0.381070 0.897814 0.880396 0.862476
-22.200 0.122516 -0.377841 0.902924 0.885943 0.868435
-22.000 0.121779 -0.374607 0.907973 0.891435 0.874347
-21.800 0.121048 -0.371368 0.912946 0.896857 0.880195
-21.600 0.120324 -0.368125 0.917851 0.902217 0.885988
-21.400 0.119605 -0.364877 0.922649 0.907478 0.891689
-21.200 0.118893 -0.361625 0.927326 0.912624 0.897281
-21.000 0.118187 -0.358368 0.931954 0.917725 0.902835
-20.800 0.117488 -0.355107 0.936404 0.922656 0.908226
-20.600 0.116794 -0.351842 0.940832 0.927569 0.913603
-20.400 0.116107 -0.348572 0.945082 0.932310 0.918816
-20.200 0.115426 -0.345298 0.949267 0.936990 0.923973
-20.000 0.114752 -0.342020 0.953299 0.941523 0.928987
-19.800 0.114083 -0.338738 0.957184 0.945912 0.933865
-19.600 0.113421 -0.335452 0.960952 0.950190 0.938635
-19.400 0.112766 -0.332161 0.964600 0.954351 0.943294
-19.200 0.112116 -0.328867 0.968071 0.958340 0.947784
-19.000 0.111473 -0.325568 0.971476 0.962265 0.952215
-18.800 0.110837 -0.322266 0.974588 0.965902 0.956362
-18.600 0.110206 -0.318959 0.977623 0.969463 0.960438
-18.400 0.109582 -0.315649 0.980511 0.972881 0.964372
-18.200 0.108965 -0.312335 0.983164 0.976067 0.968078
-18.000 0.108354 -0.309017 0.985715 0.979150 0.971684
-17.800 0.107749 -0.305695 0.988032 0.982003 0.975062
-17.600 0.107151 -0.302370 0.990150 0.984658 0.978244
-17.400 0.106559 -0.299041 0.992092 0.987137 0.981252
-17.200 0.105973 -0.295708 0.993838 0.989421 0.984066
-17.000 0.105394 -0.292372 0.995442 0.991563 0.986738
-16.800 0.104822 -0.289032 0.996705 0.993363 0.989069
-16.600 0.104256 -0.285688 0.997828 0.995023 0.991260
-16.400 0.103696 -0.282341 0.998732 0.996461 0.993229
-16.200 0.103143 -0.278991 0.999394 0.997657 0.994955
-16.000 0.102597 -0.275637 0.999761 0.998555 0.996381
-15.800 0.102057 -0.272280 1.000000 0.999323 0.997676
-15.600 0.101523 -0.268920 0.999899 0.999748 0.998625
-15.400 0.100996 -0.265556 0.999629 1.000000 0.999398
-15.200 0.100476 -0.262189 0.999021 0.999910 0.999827
-15.000 0.099962 -0.258819 0.998166 0.999569 1.000000
-14.800 0.099455 -0.255446 0.997093 0.999004 0.999946
-14.600 0.098954 -0.252069 0.995696 0.998110 0.999557
-14.400 0.098460 -0.248690 0.994000 0.996911 0.998859
-14.200 0.097972 -0.245307 0.992035 0.995437 0.997879
-14.000 0.097491 -0.241922 0.989814 0.993699 0.996629
-13.800 0.097017 -0.238533 0.987278 0.991638 0.995050
-13.600 0.096549 -0.235142 0.984402 0.989230 0.993115
-13.400 0.096088 -0.231748 0.981218 0.986505 0.990855
-13.200 0.095634 -0.228351 0.977793 0.983529 0.988338
-13.000 0.095186 -0.224951 0.973937 0.980113 0.985370
-12.800 0.094745 -0.221548 0.969831 0.976437 0.982132
-12.600 0.094311 -0.218143 0.965415 0.972441 0.978564
-12.400 0.093883 -0.214735 0.960647 0.968080 0.974622
-12.200 0.093462 -0.211325 0.955520 0.963349 0.970298
-12.000 0.093047 -0.207912 0.950050 0.958262 0.965605
-11.800 0.092639 -0.204496 0.944232 0.952814 0.960540
-11.600 0.092238 -0.201078 0.938102 0.947042 0.955137
-11.400 0.091844 -0.197657 0.931535 0.940818 0.949269
-11.200 0.091457 -0.194234 0.924751 0.934364 0.943159
-11.000 0.091076 -0.190809 0.917440 0.927366 0.936489
-10.800 0.090702 -0.187381 0.909886 0.920112 0.929548
-10.600 0.090334 -0.183951 0.901985 0.912495 0.922230
-10.400 0.089974 -0.180519 0.893606 0.904383 0.914400
-10.200 0.089620 -0.177085 0.884917 0.895944 0.906227
-10.000 0.089273 -0.173648 0.875872 0.887134 0.897667
-9.800 0.088932 -0.170209 0.866449 0.877928 0.888694
-9.600 0.088599 -0.166769 0.856580 0.868257 0.879237
-9.400 0.088272 -0.163326 0.846484 0.858343 0.869522
-9.200 0.087952 -0.159881 0.835873 0.847894 0.859251
-9.000 0.087639 -0.156434 0.824968 0.837133 0.848652
-8.800 0.087332 -0.152986 0.813611 0.825901 0.837562
-8.600 0.087033 -0.149535 0.801917 0.814313 0.826096
-8.400 0.086740 -0.146083 0.789909 0.802392 0.814280
-8.200 0.086454 -0.142629 0.777449 0.789999 0.801971
-8.000 0.086175 -0.139173 0.764560 0.777156 0.789191
-7.800 0.085902 -0.135716 0.751480 0.764105 0.776186
-7.600 0.085637 -0.132256 0.737857 0.750487 0.762592
-7.400 0.085378 -0.128796 0.723976 0.736595 0.748705
-7.200 0.085126 -0.125333 0.709724 0.722310 0.734404
-7.000 0.084881 -0.121869 0.695003 0.707534 0.719591
-6.800 0.084643 -0.118404 0.680086 0.692546 0.704548
-6.600 0.084412 -0.114937 0.664684 0.677049 0.688973
-6.400 0.084187 -0.111469 0.649071 0.661324 0.673153
-6.200 0.083970 -0.107999 0.632930 0.645047 0.656758
-6.000 0.083759 -0.104528 0.616714 0.628682 0.640258
-5.800 0.083555 -0.101056 0.599929 0.611722 0.623141
-5.600 0.083358 -0.097583 0.582829 0.594429 0.605670
-5.400 0.083168 -0.094108 0.565576 0.576966 0.588013
-5.200 0.082985 -0.090633 0.547921 0.559081 0.569914
-5.000 0.082808 -0.087156 0.529947 0.540858 0.551457
-4.800 0.082639 -0.083678 0.511687 0.522331 0.532678
-4.600 0.082477 -0.080199 0.493176 0.503536 0.513614
-4.400 0.082321 -0.076719 0.474264 0.484320 0.494109
-4.200 0.082172 -0.073238 0.455248 0.464987 0.474473
-4.000 0.082030 -0.069756 0.435981 0.445387 0.454553
-3.800 0.081895 -0.066274 0.416286 0.425339 0.434166
-3.600 0.081767 -0.062791 0.396437 0.405123 0.413597
-3.400 0.081646 -0.059306 0.376391 0.384696 0.392802
-3.200 0.081532 -0.055822 0.356078 0.363988 0.371711
-3.000 0.081425 -0.052336 0.335589 0.343090 0.350418
-2.800 0.081324 -0.048850 0.314908 0.321988 0.328907
-2.600 0.081231 -0.045363 0.294020 0.300666 0.307163
-2.400 0.081144 -0.041876 0.272989 0.279190 0.285255
-2.200 0.081064 -0.038388 0.251718 0.257463 0.263083
-2.000 0.080992 -0.034899 0.230355 0.235635 0.240801
-1.800 0.080926 -0.031411 0.208776 0.213579 0.218280
-1.600 0.080867 -0.027922 0.187239 0.191561 0.195793
-1.400 0.080815 -0.024432 0.165455 0.169287 0.173038
-1.200 0.080770 -0.020942 0.143547 0.146880 0.150143
-1.000 0.080732 -0.017452 0.121691 0.124523 0.127296
-0.800 0.080701 -0.013962 0.099654 0.101977 0.104253
-0.600 0.080677 -0.010472 0.077503 0.079312 0.081085
-0.400 0.080659 -0.006981 0.055415 0.056711 0.057980
-0.200 0.080649 -0.003491 0.033295 0.034074 0.034837
0.000 0.080645 0.000000 0.011073 0.011332 0.011586
0.200 0.080649 0.003491 -0.011073 -0.011332 -0.011586
0.400 0.080659 0.006981 -0.033295 -0.034074 -0.034837
0.600 0.080677 0.010472 -0.055415 -0.056711 -0.057980
0.800 0.080701 0.013962 -0.077503 -0.079312 -0.081085
1.000 0.080732 0.017452 -0.099654 -0.101977 -0.104253
1.200 0.080770 0.020942 -0.121691 -0.124523 -0.127296
1.400 0.080815 0.024432 -0.143547 -0.146880 -0.150143
1.600 0.080867 0.027922 -0.165455 -0.169287 -0.173038
1.800 0.080926 0.031411 -0.187239 -0.191561 -0.195793
2.000 0.080992 0.034899 -0.208776 -0.213579 -0.218280
2.200 0.081064 0.038388 -0.230355 -0.235635 -0.240801
2.400 0.081144 0.041876 -0.251718 -0.257463 -0.263083
2.600 0.081231 0.045363 -0.272989 -0.279190 -0.285255
2.800 0.081324 0.048850 -0.294020 -0.300666 -0.307163
3.000 0.081425 0.052336 -0.314908 -0.321988 -0.328907
3.200 0.081532 0.055822 -0.335589 -0.343090 -0.350418
3.400 0.081646 0.059306 -0.356078 -0.363988 -0.371711
3.600 0.081767 0.062791 -0.376391 -0.384696 -0.392802
3.800 0.081895 0.066274 -0.396437 -0.405123 -0.413597
4.000 0.082030 0.069756 -0.416286 -0.425339 -0.434166
4.200 0.082172 0.073238 -0.435981 -0.445387 -0.454553
4.400 0.082321 0.076719 -0.455248 -0.464987 -0.474473
4.600 0.082477 0.080199 -0.474264 -0.484320 -0.494109
4.800 0.082639 0.083678 -0.493176 -0.503536 -0.513614
5.000 0.082808 0.087156 -0.511687 -0.522331 -0.532678
5.200 0.082985 0.090633 -0.529947 -0.540858 -0.551457
5.400 0.083168 0.094108 -0.547921 -0.559081 -0.569914
5.600 0.083358 0.097583 -0.565576 -0.576966 -0.588013
5.800 0.083555 0.101056 -0.582829 -0.594429 -0.605670
6.000 0.083759 0.104528 -0.599929 -0.611722 -0.623141
6.200 0.083970 0.107999 -0.616714 -0.628682 -0.640258
6.400 0.084187 0.111469 -0.632930 -0.645047 -0.656758
6.600 0.084412 0.114937 -0.649071 -0.661324 -0.673153
6.800 0.084643 0.118404 -0.664684 -0.677049 -0.688973
7.000 0.084881 0.121869 -0.680086 -0.692546 -0.704548
7.200 0.085126 0.125333 -0.695003 -0.707534 -0.719591
7.400 0.085378 0.128796 -0.709724 -0.722310 -0.734404
7.600 0.085637 0.132256 -0.723976 -0.736595 -0.748705
7.800 0.085902 0.135716 -0.737857 -0.750487 -0.762592
8.000 0.086175 0.139173 -0.751480 -0.764105 -0.776186
8.200 0.086454 0.142629 -0.764560 -0.777156 -0.789191
8.400 0.086740 0.146083 -0.777449 -0.789999 -0.801971
8.600 0.087033 0.149535 -0.789909 -0.802392 -0.814280
8.800 0.087332 0.152986 -0.801917 -0.814313 -0.826096
9.000 0.087639 0.156434 -0.813611 -0.825901 -0.837562
9.200 0.087952 0.159881 -0.824968 -0.837133 -0.848652
9.400 0.088272 0.163326 -0.835873 -0.847894 -0.859251
9.600 0.088599 0.166769 -0.846484 -0.858343 -0.869522
9.800 0.088932 0.170209 -0.856580 -0.868257 -0.879237
10.000 0.089273 0.173648 -0.866449 -0.877928 -0.888694
10.200 0.089620 0.177085 -0.875872 -0.887134 -0.897667
10.400 0.089974 0.180519 -0.884917 -0.895944 -0.906227
10.600 0.090334 0.183951 -0.893606 -0.904383 -0.914400
10.800 0.090702 0.187381 -0.901985 -0.912495 -0.922230
11.000 0.091076 0.190809 -0.909886 -0.920112 -0.929548
11.200 0.091457 0.194234 -0.917440 -0.927366 -0.936489
11.400 0.091844 0.197657 -0.924751 -0.934364 -0.943159
11.600 0.092238 0.201078 -0.931535 -0.940818 -0.949269
11.800 0.092639 0.204496 -0.938102 -0.947042 -0.955137
12.000 0.093047 0.207912 -0.944232 -0.952814 -0.960540
12.200 0.093462 0.211325 -0.950050 -0.958262 -0.965605
12.400 0.093883 0.214735 -0.955520 -0.963349 -0.970298
12.600 0.094311 0.218143 -0.960647 -0.968080 -0.974622
12.800 0.094745 0.221548 -0.965415 -0.972441 -0.978564
13.000 0.095186 0.224951 -0.969831 -0.976437 -0.982132
13.200 0.095634 0.228351 -0.973937 -0.980113 -0.985370
13.400 0.096088 0.231748 -0.977793 -0.983529 -0.988338
13.600 0.096549 0.235142 -0.981218 -0.986505 -0.990855
13.800 0.097017 0.238533 -0.984402 -0.989230 -0.993115
14.000 0.097491 0.241922 -0.987278 -0.991638 -0.995050
14.200 0.097972 0.245307 -0.989814 -0.993699 -0.996629
14.400 0.098460 0.248690 -0.992035 -0.995437 -0.997879
14.600 0.098954 0.252069 -0.994000 -0.996911 -0.998859
14.800 0.099455 0.255446 -0.995696 -0.998110 -0.999557
15.000 0.099962 0.258819 -0.997093 -0.999004 -0.999946
15.200 0.100476 0.262189 -0.998166 -0.999569 -1.000000
15.400 0.100996 0.265556 -0.999021 -0.999910 -0.999827
15.600 0.101523 0.268920 -0.999629 -1.000000 -0.999398
15.800 0.102057 0.272280 -0.999899 -0.999748 -0.998625
16.000 0.102597 0.275637 -1.000000 -0.999323 -0.997676
16.200 0.103143 0.278991 -0.999761 -0.998555 -0.996381
16.400 0.103696 0.282341 -0.999394 -0.997657 -0.994955
16.600 0.104256 0.285688 -0.998732 -0.996461 -0.993229
16.800 0.104822 0.289032 -0.997828 -0.995023 -0.991260
17.000 0.105394 0.292372 -0.996705 -0.993363 -0.989069
17.200 0.105973 0.295708 -0.995442 -0.991563 -0.986738
17.400 0.106559 0.299041 -0.993838 -0.989421 -0.984066
17.600 0.107151 0.302370 -0.992092 -0.987137 -0.981252
17.800 0.107749 0.305695 -0.990150 -0.984658 -0.978244
18.000 0.108354 0.309017 -0.988032 -0.982003 -0.975062
18.200 0.108965 0.312335 -0.985715 -0.979150 -0.971684
18.400 0.109582 0.315649 -0.983164 -0.976067 -0.968078
18.600 0.110206 0.318959 -0.980511 -0.972881 -0.964372
18.800 0.110837 0.322266 -0.977623 -0.969463 -0.960438
19.000 0.111473 0.325568 -0.974588 -0.965902 -0.956362
19.200 0.112116 0.328867 -0.971476 -0.962265 -0.952215
19.400 0.112766 0.332161 -0.968071 -0.958340 -0.947784
19.600 0.113421 0.335452 -0.964600 -0.954351 -0.943294
19.800 0.114083 0.338738 -0.960952 -0.950190 -0.938635
20.000 0.114752 0.342020 -0.957184 -0.945912 -0.933865
20.200 0.115426 0.345298 -0.953299 -0.941523 -0.928987
20.400 0.116107 0.348572 -0.949267 -0.936990 -0.923973
20.600 0.116794 0.351842 -0.945082 -0.932310 -0.918816
20.800 0.117488 0.355107 -0.940832 -0.927569 -0.913603
21.000 0.118187 0.358368 -0.936404 -0.922656 -0.908226
21.200 0.118893 0.361625 -0.931954 -0.917725 -0.902835
21.400 0.119605 0.364877 -0.927326 -0.912624 -0.897281
21.600 0.120324 0.368125 -0.922649 -0.907478 -0.891689
21.800 0.121048 0.371368 -0.917851 -0.902217 -0.885988
22.000 0.121779 0.374607 -0.912946 -0.896857 -0.880195
22.200 0.122516 0.377841 -0.907973 -0.891435 -0.874347
22.400 0.123259 0.381070 -0.902924 -0.885943 -0.868435
22.600 0.124008 0.384295 -0.897814 -0.880396 -0.862476
22.800 0.124763 0.387516 -0.892606 -0.874758 -0.856433
23.000 0.125524 0.390731 -0.887304 -0.869034 -0.850312
23.200 0.126292 0.393942 -0.881994 -0.863307 -0.844194
23.400 0.127065 0.397148 -0.876559 -0.857464 -0.837969
23.600 0.127845 0.400349 -0.871122 -0.851624 -0.831754
23.800 0.128630 0.403545 -0.865626 -0.845734 -0.825495
24.000 0.129422 0.406737 -0.860029 -0.839751 -0.819153
24.200 0.130220 0.409923 -0.854466 -0.833807 -0.812856
24.400 0.131023 0.413104 -0.848746 -0.827716 -0.806422
24.600 0.131833 0.416281 -0.843084 -0.821688 -0.800056
24.800 0.132648 0.419452 -0.837353 -0.815600 -0.793639
25.000 0.133470 0.422618 -0.831578 -0.809475 -0.787193
25.200 0.134298 0.425779 -0.825795 -0.803349 -0.780753
25.400 0.135131 0.428935 -0.819930 -0.797151 -0.774250
25.600 0.135970 0.432086 -0.814122 -0.791015 -0.767815
25.800 0.136816 0.435231 -0.808207 -0.784780 -0.761292
26.000 0.137667 0.438371 -0.802327 -0.778588 -0.754817
26.200 0.138524 0.441506 -0.796396 -0.772354 -0.748309
26.400 0.139387 0.444635 -0.790497 -0.766156 -0.741844
26.600 0.140255 0.447759 -0.784528 -0.759899 -0.735328
26.800 0.141130 0.450878 -0.778602 -0.753691 -0.728868
27.000 0.142010 0.453990 -0.772629 -0.747444 -0.722377
27.200 0.142896 0.457098 -0.766650 -0.741199 -0.715896
27.400 0.143788 0.460200 -0.760682 -0.734971 -0.709439
27.600 0.144686 0.463296 -0.754725 -0.728763 -0.703009
27.800 0.145589 0.466387 -0.748754 -0.722547 -0.696579
28.000 0.146499 0.469472 -0.742778 -0.716334 -0.690160
28.200 0.147413 0.472551 -0.736833 -0.710159 -0.683785
28.400 0.148334 0.475624 -0.730853 -0.703957 -0.677391
28.600 0.149260 0.478692 -0.724908 -0.697796 -0.671045
28.800 0.150192 0.481754 -0.718959 -0.691639 -0.664710
29.000 0.151129 0.484810 -0.713048 -0.685526 -0.658425
29.200 0.152072 0.487860 -0.707110 -0.679394 -0.652129
29.400 0.153021 0.490904 -0.701250 -0.673345 -0.645921
29.600 0.153975 0.493942 -0.695304 -0.667221 -0.639649
29.800 0.154935 0.496974 -0.689476 -0.661217 -0.633499
30.000 0.155901 0.500000 -0.683617 -0.655190 -0.627335
30.200 0.156872 0.503020 -0.677789 -0.649202 -0.621216
30.400 0.157848 0.506034 -0.671959 -0.643218 -0.615108
30.600 0.158830 0.509041 -0.666198 -0.637309 -0.609079
30.800 0.159817 0.512043 -0.660403 -0.631373 -0.603032
31.000 0.160810 0.515038 -0.654678 -0.625512 -0.597064
31.200 0.161809 0.518027 -0.648956 -0.619661 -0.591113
31.400 0.162812 0.521010 -0.643271 -0.613853 -0.585211
31.600 0.163822 0.523986 -0.637582 -0.608048 -0.579318
31.800 0.164836 0.526956 -0.631964 -0.602318 -0.573505
32.000 0.165856 0.529919 -0.626354 -0.596603 -0.567713
32.200 0.166881 0.532876 -0.620764 -0.590914 -0.561953
32.400 0.167912 0.535827 -0.615236 -0.585291 -0.556262
32.600 0.168948 0.538771 -0.609699 -0.579666 -0.550578
32.800 0.169989 0.541708 -0.604214 -0.574099 -0.544955
33.000 0.171036 0.544639 -0.598772 -0.568579 -0.539384
33.200 0.172087 0.547563 -0.593345 -0.563080 -0.533839
33.400 0.173144 0.550481 -0.587961 -0.557629 -0.528347
33.600 0.174207 0.553392 -0.582593 -0.552200 -0.522883
33.800 0.175274 0.556296 -0.577289 -0.546838 -0.517490
34.000 0.176347 0.559193 -0.571974 -0.541473 -0.512100
34.200 0.177425 0.562083 -0.566768 -0.536218 -0.506821
34.400 0.178507 0.564967 -0.561509 -0.530919 -0.501507
34.600 0.179595 0.567844 -0.556350 -0.525721 -0.496295
34.800 0.180689 0.570714 -0.551202 -0.520540 -0.491106
35.000 0.181787 0.573576 -0.546100 -0.515410 -0.485971
35.200 0.182890 0.576432 -0.541028 -0.510314 -0.480874
35.400 0.183998 0.579281 -0.535995 -0.505260 -0.475825
35.600 0.185112 0.582123 -0.531000 -0.500249 -0.470822
35.800 0.186230 0.584958 -0.526036 -0.495274 -0.465858
36.000 0.187353 0.587785 -0.521135 -0.490365 -0.460963
36.200 0.188482 0.590606 -0.516233 -0.485461 -0.456079
36.400 0.189615 0.593419 -0.511403 -0.480630 -0.451269
36.600 0.190753 0.596225 -0.506581 -0.475813 -0.446480
36.800 0.191896 0.599024 -0.501822 -0.471062 -0.441757
37.000 0.193044 0.601815 -0.497103 -0.466353 -0.437080
37.200 0.194197 0.604599 -0.492416 -0.461681 -0.432443
37.400 0.195355 0.607376 -0.487740 -0.457025 -0.427827
37.600 0.196517 0.610145 -0.483133 -0.452439 -0.423284
37.800 0.197684 0.612907 -0.478566 -0.447897 -0.418786
38.000 0.198856 0.615661 -0.474032 -0.443391 -0.414328
38.200 0.200033 0.618408 -0.469532 -0.438922 -0.409909
38.400 0.201215 0.621148 -0.465078 -0.434502 -0.405542
38.600 0.202401 0.623880 -0.460644 -0.430107 -0.401204
38.800 0.203592 0.626604 -0.456264 -0.425767 -0.396922
39.000 0.204788 0.629320 -0.451930 -0.421475 -0.392691
39.200 0.205988 0.632029 -0.447622 -0.417214 -0.388494
39.400 0.207193 0.634731 -0.443355 -0.412996 -0.384341
39.600 0.208402 0.637424 -0.439115 -0.408808 -0.380222
39.800 0.209616 0.640110 -0.434940 -0.404685 -0.376169
40.000 0.210835 0.642788 -0.430779 -0.400581 -0.372139
40.200 0.212058 0.645458 -0.426664 -0.396525 -0.368157
40.400 0.213286 0.648120 -0.422582 -0.392505 -0.364214
40.600 0.214518 0.650774 -0.418557 -0.388542 -0.360329
40.800 0.215755 0.653421 -0.414548 -0.384599 -0.356467
41.000 0.216996 0.656059 -0.410577 -0.380696 -0.352647
41.200 0.218241 0.658689 -0.406645 -0.376835 -0.348870
41.400 0.219491 0.661312 -0.402769 -0.373029 -0.345150
41.600 0.220746 0.663926 -0.398908 -0.369243 -0.341451
41.800 0.222005 0.666532 -0.395075 -0.365487 -0.337786
42.000 0.223268 0.669131 -0.391318 -0.361805 -0.334193
42.200 0.224535 0.671721 -0.387566 -0.358133 -0.330614
42.400 0.225807 0.674302 -0.383851 -0.354500 -0.327075
42.600 0.227083 0.676876 -0.380169 -0.350902 -0.323573
42.800 0.228363 0.679441 -0.376545 -0.347361 -0.320127
43.000 0.229648 0.681998 -0.372941 -0.343844 -0.316708
43.200 0.230936 0.684547 -0.369360 -0.340351 -0.313315
43.400 0.232229 0.687088 -0.365840 -0.336919 -0.309983
43.600 0.233526 0.689620 -0.362336 -0.333506 -0.306672
43.800 0.234827 0.692143 -0.358864 -0.330126 -0.303395
44.000 0.236133 0.694658 -0.355446 -0.326801 -0.300172
44.200 0.237442 0.697165 -0.352045 -0.323495 -0.296971
44.400 0.238755 0.699663 -0.348688 -0.320233 -0.293814
44.600 0.240073 0.702153 -0.345339 -0.316983 -0.290672
44.800 0.241394 0.704634 -0.342070 -0.313809 -0.287604
45.000 0.242720 0.707107 -0.338786 -0.310626 -0.284531
45.200 0.244050 0.709571 -0.335571 -0.307511 -0.281523
45.400 0.245383 0.712026 -0.332369 -0.304410 -0.278532
45.600 0.246720 0.714473 -0.329187 -0.301332 -0.275566
45.800 0.248062 0.716911 -0.326065 -0.298312 -0.272655
46.000 0.249407 0.719340 -0.322962 -0.295313 -0.269769
46.200 0.250756 0.721760 -0.319889 -0.292345 -0.266913
46.400 0.252109 0.724172 -0.316856 -0.289417 -0.264098
46.600 0.253466 0.726575 -0.313839 -0.286508 -0.261302
46.800 0.254826 0.728969 -0.310859 -0.283635 -0.258544
47.000 0.256191 0.731354 -0.307914 -0.280798 -0.255821
47.200 0.257559 0.733730 -0.304993 -0.277986 -0.253124
47.400 0.258930 0.736097 -0.302111 -0.275212 -0.250465
47.600 0.260306 0.738455 -0.299237 -0.272450 -0.247819
47.800 0.261685 0.740805 -0.296423 -0.269745 -0.245230
48.000 0.263068 0.743145 -0.293614 -0.267048 -0.242650
48.200 0.264454 0.745476 -0.290850 -0.264395 -0.240112
48.400 0.265844 0.747798 -0.288091 -0.261749 -0.237585
48.600 0.267238 0.750111 -0.285379 -0.259150 -0.235102
48.800 0.268635 0.752415 -0.282704 -0.256586 -0.232655
49.000 0.270035 0.754710 -0.280040 -0.254036 -0.230223
49.200 0.271440 0.756995 -0.277401 -0.251512 -0.227817
49.400 0.272847 0.759271 -0.274801 -0.249025 -0.225448
49.600 0.274258 0.761538 -0.272216 -0.246555 -0.223097
49.800 0.275673 0.763796 -0.269666 -0.244120 -0.220779
50.000 0.277091 0.766044 -0.267150 -0.241718 -0.218494
50.200 0.278512 0.768284 -0.264642 -0.239326 -0.216221
50.400 0.279937 0.770513 -0.262170 -0.236970 -0.213983
50.600 0.281365 0.772734 -0.259717 -0.234633 -0.211765
50.800 0.282796 0.774944 -0.257299 -0.232330 -0.209581
51.000 0.284231 0.777146 -0.254902 -0.230049 -0.207417
51.200 0.285669 0.779338 -0.252537 -0.227799 -0.205285
51.400 0.287110 0.781520 -0.250185 -0.225564 -0.203169
51.600 0.288554 0.783693 -0.247853 -0.223350 -0.201073
51.800 0.290002 0.785857 -0.245562 -0.221174 -0.199015
52.000 0.291453 0.788011 -0.243284 -0.219013 -0.196972
52.200 0.292906 0.790155 -0.241031 -0.216876 -0.194953
52.400 0.294363 0.792290 -0.238811 -0.214772 -0.192965
52.600 0.295824 0.794415 -0.236595 -0.212674 -0.190986
52.800 0.297287 0.796530 -0.234413 -0.210608 -0.189037
53.000 0.298753 0.798635 -0.232262 -0.208573 -0.187118
53.200 0.300222 0.800731 -0.230122 -0.206550 -0.185212
53.400 0.301694 0.802817 -0.228007 -0.204551 -0.183330
53.600 0.303169 0.804894 -0.225908 -0.202569 -0.181465
53.800 0.304647 0.806960 -0.223839 -0.200617 -0.179628
54.000 0.306128 0.809017 -0.221796 -0.198689 -0.177816
54.200 0.307612 0.811064 -0.219768 -0.196776 -0.176019
54.400 0.309099 0.813101 -0.217754 -0.194879 -0.174238
54.600 0.310589 0.815128 -0.215769 -0.193010 -0.172484
54.800 0.312081 0.817145 -0.213804 -0.191161 -0.170749
55.000 0.313576 0.819152 -0.211858 -0.189330 -0.169033
55.200 0.315074 0.821149 -0.209936 -0.187523 -0.167340
55.400 0.316575 0.823136 -0.208028 -0.185730 -0.165661
55.600 0.318078 0.825113 -0.206143 -0.183959 -0.164004
55.800 0.319584 0.827081 -0.204276 -0.182207 -0.162365
56.000 0.321093 0.829038 -0.202432 -0.180477 -0.160747
56.200 0.322605 0.830984 -0.200606 -0.178765 -0.159147
56.400 0.324119 0.832921 -0.198797 -0.177070 -0.157565
56.600 0.325635 0.834848 -0.197002 -0.175389 -0.155996
56.800 0.327155 0.836764 -0.195237 -0.173737 -0.154454
57.000 0.328676 0.838671 -0.193485 -0.172098 -0.152926
57.200 0.330201 0.840567 -0.191745 -0.170472 -0.151411
57.400 0.331727 0.842452 -0.190040 -0.168877 -0.149926
57.600 0.333257 0.844328 -0.188325 -0.167277 -0.148436
57.800 0.334788 0.846193 -0.186653 -0.165715 -0.146983
58.000 0.336322 0.848048 -0.184988 -0.164162 -0.145538
58.200 0.337859 0.849893 -0.183339 -0.162624 -0.144110
58.400 0.339398 0.851727 -0.181706 -0.161103 -0.142696
58.600 0.340939 0.853551 -0.180097 -0.159604 -0.141304
58.800 0.342482 0.855364 -0.178504 -0.158120 -0.139927
59.000 0.344028 0.857167 -0.176918 -0.156644 -0.138559
59.200 0.345576 0.858960 -0.175351 -0.155187 -0.137209
59.400 0.347126 0.860742 -0.173811 -0.153755 -0.135882
59.600 0.348679 0.862514 -0.172278 -0.152331 -0.134563
59.800 0.350233 0.864275 -0.170759 -0.150921 -0.133258
60.000 0.351790 0.866025 -0.169263 -0.149532 -0.131973
60.200 0.353349 0.867765 -0.167774 -0.148151 -0.130696
60.400 0.354910 0.869495 -0.166306 -0.146790 -0.129438
60.600 0.356473 0.871214 -0.164845 -0.145436 -0.128188
60.800 0.358039 0.872922 -0.163409 -0.144106 -0.126960
61.000 0.359606 0.874620 -0.161986 -0.142789 -0.125745
61.200 0.361175 0.876307 -0.160574 -0.141482 -0.124539
61.400 0.362747 0.877983 -0.159178 -0.140192 -0.123350
61.600 0.364320 0.879649 -0.157789 -0.138908 -0.122167
61.800 0.365895 0.881303 -0.156427 -0.137650 -0.121008
62.000 0.367472 0.882948 -0.155071 -0.136397 -0.119856
62.200 0.369051 0.884581 -0.153735 -0.135164 -0.118721
62.400 0.370632 0.886204 -0.152404 -0.133937 -0.117593
62.600 0.372214 0.887815 -0.151086 -0.132722 -0.116477
62.800 0.373799 0.889416 -0.149791 -0.131528 -0.115380
63.000 0.375385 0.891007 -0.148501 -0.130340 -0.114289
63.200 0.376973 0.892586 -0.147233 -0.129173 -0.113217
63.400 0.378563 0.894154 -0.145967 -0.128008 -0.112150
63.600 0.380154 0.895712 -0.144714 -0.126856 -0.111093
63.800 0.381747 0.897258 -0.143485 -0.125725 -0.110057
64.000 0.383342 0.898794 -0.142258 -0.124598 -0.109025
64.200 0.384938 0.900319 -0.141045 -0.123485 -0.108006
64.400 0.386537 0.901833 -0.139850 -0.122388 -0.107002
64.600 0.388136 0.903335 -0.138663 -0.121299 -0.106006
64.800 0.389737 0.904827 -0.137487 -0.120221 -0.105020
65.000 0.391340 0.906308 -0.136319 -0.119151 -0.104043
65.200 0.392944 0.907777 -0.135171 -0.118099 -0.103082
65.400 0.394550 0.909236 -0.134031 -0.117055 -0.102129
65.600 0.396157 0.910684 -0.132904 -0.116023 -0.101188
65.800 0.397765 0.912120 -0.131785 -0.114999 -0.100254
66.000 0.399375 0.913545 -0.130673 -0.113983 -0.099328
66.200 0.400987 0.914960 -0.129583 -0.112987 -0.098420
66.400 0.402599 0.916363 -0.128500 -0.111997 -0.097519
66.600 0.404213 0.917755 -0.127416 -0.111008 -0.096619
66.800 0.405829 0.919135 -0.126367 -0.110050 -0.095747
67.000 0.407445 0.920505 -0.125303 -0.109080 -0.094865
67.200 0.409063 0.921863 -0.124262 -0.108131 -0.094002
67.400 0.410682 0.923210 -0.123238 -0.107198 -0.093154
67.600 0.412302 0.924546 -0.122206 -0.106258 -0.092301
67.800 0.413924 0.925871 -0.121204 -0.105345 -0.091472
68.000 0.415546 0.927184 -0.120193 -0.104425 -0.090638
68.200 0.417170 0.928486 -0.119201 -0.103523 -0.089820
68.400 0.418795 0.929776 -0.118226 -0.102636 -0.089016
68.600 0.420421 0.931056 -0.117247 -0.101747 -0.088211
68.800 0.422048 0.932324 -0.116285 -0.100873 -0.087419
69.000 0.423676 0.933580 -0.115336 -0.100011 -0.086639
69.200 0.425305 0.934826 -0.114381 -0.099145 -0.085856
69.400 0.426935 0.936060 -0.113452 -0.098302 -0.085093
69.600 0.428566 0.937282 -0.112529 -0.097465 -0.084336
69.800 0.430198 0.938493 -0.111609 -0.096632 -0.083583
70.000 0.431831 0.939693 -0.110700 -0.095808 -0.082839
70.200 0.433464 0.940881 -0.109794 -0.094989 -0.082099
70.400 0.435099 0.942057 -0.108913 -0.094190 -0.081379
70.600 0.436734 0.943223 -0.108030 -0.093392 -0.080659
70.800 0.438370 0.944376 -0.107151 -0.092597 -0.079942
71.000 0.440007 0.945519 -0.106286 -0.091816 -0.079238
71.200 0.441645 0.946649 -0.105431 -0.091043 -0.078542
71.400 0.443283 0.947768 -0.104582 -0.090276 -0.077852
71.600 0.444922 0.948876 -0.103740 -0.089516 -0.077168
71.800 0.446562 0.949972 -0.102910 -0.088767 -0.076494
72.000 0.448203 0.951056 -0.102083 -0.088022 -0.075823
72.200 0.449844 0.952129 -0.101271 -0.087290 -0.075166
72.400 0.451485 0.953191 -0.100457 -0.086556 -0.074507
72.600 0.453128 0.954240 -0.099655 -0.085835 -0.073859
72.800 0.454771 0.955278 -0.098869 -0.085127 -0.073223
73.000 0.456414 0.956305 -0.098074 -0.084411 -0.072581
73.200 0.458058 0.957319 -0.097297 -0.083713 -0.071955
73.400 0.459702 0.958323 -0.096532 -0.083024 -0.071337
73.600 0.461347 0.959314 -0.095761 -0.082332 -0.070717
73.800 0.462993 0.960294 -0.095010 -0.081657 -0.070113
74.000 0.464638 0.961262 -0.094255 -0.080979 -0.069506
74.200 0.466284 0.962218 -0.093513 -0.080314 -0.068910
74.400 0.467931 0.963163 -0.092784 -0.079659 -0.068325
74.600 0.469578 0.964095 -0.092050 -0.079001 -0.067736
74.800 0.471225 0.965016 -0.091327 -0.078353 -0.067157
75.000 0.472872 0.965926 -0.090615 -0.077715 -0.066587
75.200 0.474520 0.966823 -0.089906 -0.077081 -0.066020
75.400 0.476168 0.967709 -0.089202 -0.076450 -0.065458
75.600 0.477816 0.968583 -0.088510 -0.075831 -0.064905
75.800 0.479465 0.969445 -0.087821 -0.075215 -0.064355
76.000 0.481113 0.970296 -0.087137 -0.074603 -0.063810
76.200 0.482762 0.971134 -0.086462 -0.074000 -0.063272
76.400 0.484411 0.971961 -0.085792 -0.073402 -0.062740
76.600 0.486060 0.972776 -0.085129 -0.072809 -0.062212
76.800 0.487709 0.973579 -0.084472 -0.072223 -0.061690
77.000 0.489358 0.974370 -0.083818 -0.071639 -0.061171
77.200 0.491007 0.975149 -0.083174 -0.071065 -0.060660
77.400 0.492657 0.975917 -0.082538 -0.070498 -0.060156
77.600 0.494306 0.976672 -0.081899 -0.069929 -0.059650
77.800 0.495955 0.977416 -0.081275 -0.069373 -0.059156
78.000 0.497604 0.978148 -0.080651 -0.068817 -0.058663
78.200 0.499253 0.978867 -0.080035 -0.068269 -0.058176
78.400 0.500902 0.979575 -0.079426 -0.067727 -0.057696
78.600 0.502551 0.980271 -0.078820 -0.067189 -0.057218
78.800 0.504199 0.980955 -0.078223 -0.066658 -0.056747
79.000 0.505848 0.981627 -0.077624 -0.066126 -0.056276
79.200 0.507496 0.982287 -0.077036 -0.065604 -0.055813
79.400 0.509144 0.982935 -0.076458 -0.065090 -0.055358
79.600 0.510792 0.983571 -0.075872 -0.064570 -0.054899
79.800 0.512439 0.984196 -0.075305 -0.064067 -0.054453
80.000 0.514087 0.984808 -0.074738 -0.063564 -0.054008
80.200 0.515733 0.985408 -0.074169 -0.063060 -0.053563
80.400 0.517380 0.985996 -0.073619 -0.062572 -0.053131
80.600 0.519026 0.986572 -0.073062 -0.062079 -0.052696
80.800 0.520672 0.987136 -0.072517 -0.061597 -0.052270
81.000 0.522318 0.987688 -0.071974 -0.061116 -0.051846
81.200 0.523963 0.988228 -0.071433 -0.060638 -0.051424
81.400 0.525607 0.988756 -0.070902 -0.060168 -0.051009
81.600 0.527252 0.989272 -0.070373 -0.059700 -0.050597
81.800 0.528895 0.989776 -0.069851 -0.059239 -0.050190
82.000 0.530538 0.990268 -0.069332 -0.058780 -0.049786
82.200 0.532181 0.990748 -0.068817 -0.058326 -0.049386
82.400 0.533823 0.991216 -0.068308 -0.057877 -0.048991
82.600 0.535465 0.991671 -0.067800 -0.057428 -0.048596
82.800 0.537106 0.992115 -0.067302 -0.056990 -0.048210
83.000 0.538746 0.992546 -0.066805 -0.056551 -0.047824
83.200 0.540385 0.992966 -0.066312 -0.056117 -0.047443
83.400 0.542024 0.993373 -0.065825 -0.055688 -0.047066
83.600 0.543663 0.993768 -0.065340 -0.055261 -0.046691
83.800 0.545300 0.994151 -0.064865 -0.054843 -0.046324
84.000 0.546937 0.994522 -0.064385 -0.054420 -0.045953
84.200 0.548573 0.994881 -0.063915 -0.054007 -0.045591
84.400 0.550209 0.995227 -0.063451 -0.053598 -0.045232
84.600 0.551843 0.995562 -0.062987 -0.053191 -0.044875
84.800 0.553477 0.995884 -0.062530 -0.052790 -0.044523
85.000 0.555110 0.996195 -0.062072 -0.052387 -0.044171
85.200 0.556742 0.996493 -0.061622 -0.051992 -0.043825
85.400 0.558373 0.996779 -0.061177 -0.051602 -0.043483
85.600 0.560003 0.997053 -0.060732 -0.051211 -0.043141
85.800 0.561632 0.997314 -0.060293 -0.050827 -0.042805
86.000 0.563261 0.997564 -0.059858 -0.050445 -0.042471
86.200 0.564888 0.997801 -0.059424 -0.050065 -0.042139
86.400 0.566515 0.998027 -0.058998 -0.049692 -0.041813
86.600 0.568140 0.998240 -0.058575 -0.049321 -0.041489
86.800 0.569765 0.998441 -0.058152 -0.048951 -0.041166
87.000 0.571388 0.998630 -0.057738 -0.048588 -0.040849
87.200 0.573010 0.998806 -0.057322 -0.048224 -0.040532
87.400 0.574631 0.998971 -0.056912 -0.047867 -0.040219
87.600 0.576252 0.999123 -0.056506 -0.047511 -0.039910
87.800 0.577871 0.999263 -0.056105 -0.047161 -0.039604
88.000 0.579488 0.999391 -0.055701 -0.046808 -0.039297
88.200 0.581105 0.999507 -0.055307 -0.046464 -0.038997
88.400 0.582721 0.999610 -0.054914 -0.046121 -0.038699
88.600 0.584335 0.999701 -0.054521 -0.045779 -0.038401
88.800 0.585948 0.999781 -0.054141 -0.045447 -0.038112
89.000 0.587560 0.999848 -0.053754 -0.045109 -0.037818
89.200 0.589170 0.999903 -0.053370 -0.044775 -0.037528
89.400 0.590779 0.999945 -0.053000 -0.044452 -0.037247
89.600 0.592387 0.999976 -0.052624 -0.044125 -0.036963
89.800 0.593994 0.999994 -0.052256 -0.043805 -0.036685
90.000 0.595599 1.000000 -0.051883 -0.043480 -0.036403
90.200 0.597203 0.999994 -0.051521 -0.043165 -0.036129
90.400 0.598806 0.999976 -0.051162 -0.042853 -0.035858
90.600 0.600407 0.999945 -0.050802 -0.042540 -0.035587
90.800 0.602007 0.999903 -0.050448 -0.042233 -0.035320
91.000 0.603605 0.999848 -0.050091 -0.041923 -0.035052
91.200 0.605201 0.999781 -0.049742 -0.041620 -0.034789
91.400 0.606797 0.999701 -0.049399 -0.041321 -0.034531
91.600 0.608391 0.999610 -0.049052 -0.041021 -0.034271
91.800 0.609983 0.999507 -0.048714 -0.040727 -0.034016
92.000 0.611574 0.999391 -0.048374 -0.040432 -0.033762
92.200 0.613163 0.999263 -0.048036 -0.040139 -0.033508
92.400 0.614750 0.999123 -0.047707 -0.039854 -0.033261
92.600 0.616336 0.998971 -0.047375 -0.039567 -0.033013
92.800 0.617921 0.998806 -0.047049 -0.039284 -0.032769
93.000 0.619503 0.998630 -0.046724 -0.039002 -0.032526
93.200 0.621084 0.998441 -0.046402 -0.038724 -0.032285
93.400 0.622664 0.998240 -0.046081 -0.038446 -0.032045
93.600 0.624242 0.998027 -0.045767 -0.038175 -0.031811
93.800 0.625818 0.997801 -0.045450 -0.037901 -0.031575
94.000 0.627392 0.997564 -0.045138 -0.037631 -0.031342
94.200 0.628964 0.997315 -0.044830 -0.037365 -0.031113
94.400 0.630535 0.997053 -0.044524 -0.037101 -0.030885
94.600 0.632104 0.996779 -0.044217 -0.036836 -0.030657
94.800 0.633672 0.996493 -0.043918 -0.036577 -0.030434
95.000 0.635237 0.996195 -0.043617 -0.036318 -0.030211
95.200 0.636800 0.995884 -0.043317 -0.036059 -0.029988
95.400 0.638362 0.995562 -0.043026 -0.035808 -0.029772
95.600 0.639922 0.995227 -0.042734 -0.035556 -0.029555
95.800 0.641480 0.994881 -0.042442 -0.035305 -0.029340
96.000 0.643036 0.994522 -0.042154 -0.035057 -0.029126
96.200 0.644590 0.994151 -0.041868 -0.034811 -0.028915
96.400 0.646142 0.993768 -0.041587 -0.034569 -0.028707
96.600 0.647693 0.993373 -0.041303 -0.034324 -0.028497
96.800 0.649241 0.992966 -0.041025 -0.034085 -0.028292
97.000 0.650787 0.992546 -0.040748 -0.033847 -0.028088
97.200 0.652331 0.992115 -0.040474 -0.033611 -0.027885
97.400 0.653874 0.991671 -0.040204 -0.033379 -0.027686
97.600 0.655414 0.991216 -0.039930 -0.033144 -0.027484
97.800 0.656952 0.990748 -0.039663 -0.032915 -0.027288
98.000 0.658488 0.990268 -0.039398 -0.032687 -0.027092
98.200 0.660022 0.989776 -0.039132 -0.032459 -0.026898
98.400 0.661554 0.989272 -0.038872 -0.032235 -0.026706
98.600 0.663084 0.988756 -0.038611 -0.032012 -0.026515
98.800 0.664611 0.988228 -0.038354 -0.031791 -0.026326
99.000 0.666137 0.987688 -0.038098 -0.031572 -0.026138
99.200 0.667660 0.987136 -0.037844 -0.031354 -0.025952
99.400 0.669181 0.986572 -0.037593 -0.031139 -0.025768
99.600 0.670700 0.985996 -0.037339 -0.030922 -0.025583
99.800 0.672217 0.985408 -0.037095 -0.030713 -0.025404
100.000 0.673731 0.984808 -0.036845 -0.030499 -0.025221
100.200 0.675243 0.984196 -0.036605 -0.030293 -0.025046
100.400 0.676753 0.983571 -0.036359 -0.030083 -0.024866
100.600 0.678261 0.982935 -0.036119 -0.029877 -0.024691
100.800 0.679766 0.982287 -0.035882 -0.029675 -0.024518
101.000 0.681269 0.981627 -0.035643 -0.029471 -0.024344
101.200 0.682770 0.980955 -0.035407 -0.029270 -0.024172
101.400 0.684268 0.980271 -0.035176 -0.029072 -0.024004
101.600 0.685764 0.979575 -0.034941 -0.028872 -0.023833
101.800 0.687258 0.978867 -0.034715 -0.028679 -0.023669
102.000 0.688749 0.978148 -0.034483 -0.028481 -0.023501
102.200 0.690238 0.977416 -0.034257 -0.028288 -0.023336
102.400 0.691724 0.976672 -0.034035 -0.028099 -0.023175
102.600 0.693208 0.975917 -0.033808 -0.027905 -0.023011
102.800 0.694689 0.975149 -0.033589 -0.027719 -0.022852
103.000 0.696168 0.974370 -0.033369 -0.027531 -0.022692
103.200 0.697645 0.973579 -0.033148 -0.027343 -0.022532
103.400 0.699119 0.972776 -0.032935 -0.027161 -0.022378
103.600 0.700590 0.971961 -0.032719 -0.026978 -0.022222
103.800 0.702059 0.971134 -0.032505 -0.026796 -0.022067
104.000 0.703526 0.970296 -0.032294 -0.026616 -0.021915
104.200 0.704990 0.969445 -0.032081 -0.026435 -0.021762
104.400 0.706451 0.968583 -0.031875 -0.026259 -0.021612
104.600 0.707910 0.967709 -0.031667 -0.026083 -0.021463
104.800 0.709366 0.966823 -0.031462 -0.025909 -0.021315
105.000 0.710819 0.965926 -0.031256 -0.025734 -0.021167
105.200 0.712270 0.965017 -0.031054 -0.025562 -0.021021
105.400 0.713719 0.964095 -0.030853 -0.025392 -0.020877
105.600 0.715164 0.963163 -0.030653 -0.025222 -0.020733
105.800 0.716607 0.962218 -0.030455 -0.025054 -0.020591
106.000 0.718047 0.961262 -0.030258 -0.024887 -0.020450
106.200 0.719485 0.960294 -0.030060 -0.024719 -0.020308
106.400 0.720920 0.959314 -0.029870 -0.024558 -0.020171
106.600 0.722352 0.958323 -0.029676 -0.024394 -0.020032
106.800 0.723781 0.957319 -0.029485 -0.024232 -0.019895
107.000 0.725208 0.956305 -0.029294 -0.024071 -0.019759
107.200 0.726632 0.955278 -0.029105 -0.023910 -0.019623
107.400 0.728053 0.954240 -0.028921 -0.023754 -0.019492
107.600 0.729471 0.953191 -0.028731 -0.023594 -0.019356
107.800 0.730887 0.952129 -0.028548 -0.023439 -0.019225
108.000 0.732300 0.951057 -0.028366 -0.023285 -0.019095
108.200 0.733709 0.949972 -0.028182 -0.023130 -0.018965
108.400 0.735116 0.948876 -0.028002 -0.022977 -0.018836
108.600 0.736521 0.947768 -0.027823 -0.022826 -0.018709
108.800 0.737922 0.946649 -0.027645 -0.022676 -0.018581
109.000 0.739320 0.945519 -0.027468 -0.022526 -0.018455
109.200 0.740716 0.944376 -0.027292 -0.022378 -0.018330
109.400 0.742109 0.943223 -0.027118 -0.022231 -0.018207
109.600 0.743498 0.942057 -0.026945 -0.022085 -0.018084
109.800 0.744885 0.940881 -0.026772 -0.021939 -0.017961
110.000 0.746269 0.939693 -0.026601 -0.021795 -0.017840
110.200 0.747650 0.938493 -0.026434 -0.021654 -0.017721
110.400 0.749028 0.937282 -0.026263 -0.021510 -0.017600
110.600 0.750403 0.936060 -0.026096 -0.021369 -0.017482
110.800 0.751775 0.934826 -0.025931 -0.021230 -0.017365
111.000 0.753144 0.933580 -0.025767 -0.021092 -0.017248
111.200 0.754510 0.932324 -0.025602 -0.020954 -0.017132
111.400 0.755873 0.931056 -0.025438 -0.020816 -0.017016
111.600 0.757233 0.929776 -0.025277 -0.020680 -0.016902
111.800 0.758590 0.928486 -0.025119 -0.020547 -0.016791
112.000 0.759944 0.927184 -0.024957 -0.020410 -0.016676
112.200 0.761294 0.925871 -0.024800 -0.020279 -0.016566
112.400 0.762642 0.924546 -0.024643 -0.020147 -0.016455
112.600 0.763987 0.923210 -0.024485 -0.020014 -0.016344
112.800 0.765328 0.921863 -0.024333 -0.019886 -0.016236
113.000 0.766667 0.920505 -0.024177 -0.019755 -0.016126
113.200 0.768002 0.919135 -0.024023 -0.019626 -0.016018
113.400 0.769334 0.917755 -0.023874 -0.019501 -0.015914
113.600 0.770663 0.916363 -0.023720 -0.019372 -0.015806
113.800 0.771989 0.914960 -0.023573 -0.019248 -0.015702
114.000 0.773311 0.913545 -0.023423 -0.019122 -0.015596
114.200 0.774631 0.912120 -0.023274 -0.018998 -0.015492
114.400 0.775947 0.910684 -0.023128 -0.018876 -0.015390
114.600 0.777260 0.909236 -0.022982 -0.018753 -0.015287
114.800 0.778570 0.907777 -0.022839 -0.018633 -0.015187
115.000 0.779877 0.906308 -0.022691 -0.018509 -0.015084
115.200 0.781180 0.904827 -0.022551 -0.018392 -0.014986
115.400 0.782480 0.903335 -0.022407 -0.018272 -0.014885
115.600 0.783777 0.901833 -0.022267 -0.018155 -0.014787
115.800 0.785071 0.900319 -0.022126 -0.018037 -0.014689
116.000 0.786362 0.898794 -0.021988 -0.017921 -0.014592
116.200 0.787649 0.897258 -0.021848 -0.017804 -0.014494
116.400 0.788933 0.895712 -0.021712 -0.017691 -0.014400
116.600 0.790213 0.894154 -0.021574 -0.017575 -0.014304
116.800 0.791490 0.892586 -0.021439 -0.017462 -0.014209
117.000 0.792764 0.891007 -0.021304 -0.017350 -0.014115
117.200 0.794035 0.889416 -0.021171 -0.017238 -0.014022
117.400 0.795302 0.887815 -0.021037 -0.017127 -0.013929
117.600 0.796566 0.886204 -0.020906 -0.017017 -0.013838
117.800 0.797827 0.884581 -0.020774 -0.016907 -0.013746
118.000 0.799084 0.882948 -0.020643 -0.016798 -0.013656
118.200 0.800338 0.881303 -0.020511 -0.016688 -0.013564
118.400 0.801588 0.879649 -0.020385 -0.016583 -0.013476
118.600 0.802835 0.877983 -0.020256 -0.016475 -0.013387
118.800 0.804079 0.876307 -0.020131 -0.016371 -0.013300
119.000 0.805319 0.874620 -0.020003 -0.016264 -0.013211
119.200 0.806556 0.872922 -0.019877 -0.016159 -0.013124
119.400 0.807789 0.871214 -0.019753 -0.016056 -0.013038
119.600 0.809019 0.869495 -0.019628 -0.015952 -0.012952
119.800 0.810246 0.867765 -0.019507 -0.015851 -0.012868
120.000 0.811469 0.866025 -0.019382 -0.015748 -0.012782
120.200 0.812688 0.864275 -0.019261 -0.015647 -0.012698
120.400 0.813904 0.862514 -0.019140 -0.015546 -0.012615
120.600 0.815117 0.860742 -0.019020 -0.015446 -0.012532
120.800 0.816326 0.858960 -0.018901 -0.015348 -0.012450
121.000 0.817532 0.857167 -0.018782 -0.015249 -0.012368
121.200 0.818734 0.855364 -0.018662 -0.015149 -0.012285
121.400 0.819932 0.853551 -0.018548 -0.015054 -0.012207
121.600 0.821127 0.851727 -0.018430 -0.014956 -0.012125
121.800 0.822319 0.849893 -0.018314 -0.014860 -0.012046
122.000 0.823507 0.848048 -0.018200 -0.014765 -0.011967
122.200 0.824692 0.846193 -0.018085 -0.014670 -0.011888
122.400 0.825872 0.844328 -0.017972 -0.014576 -0.011810
122.600 0.827050 0.842452 -0.017859 -0.014482 -0.011733
122.800 0.828224 0.840567 -0.017746 -0.014389 -0.011655
123.000 0.829394 0.838671 -0.017635 -0.014296 -0.011579
123.200 0.830560 0.836764 -0.017523 -0.014204 -0.011502
123.400 0.831723 0.834848 -0.017414 -0.014113 -0.011427
123.600 0.832883 0.832921 -0.017304 -0.014022 -0.011352
123.800 0.834039 0.830984 -0.017195 -0.013932 -0.011278
124.000 0.835191 0.829038 -0.017087 -0.013843 -0.011204
124.200 0.836340 0.827081 -0.016979 -0.013754 -0.011130
124.400 0.837485 0.825113 -0.016873 -0.013666 -0.011057
124.600 0.838626 0.823136 -0.016765 -0.013576 -0.010983
124.800 0.839764 0.821149 -0.016661 -0.013490 -0.010912
125.000 0.840897 0.819152 -0.016554 -0.013402 -0.010839
125.200 0.842028 0.817145 -0.016452 -0.013317 -0.010769
125.400 0.843155 0.815128 -0.016346 -0.013230 -0.010697
125.600 0.844278 0.813101 -0.016244 -0.013146 -0.010628
125.800 0.845397 0.811064 -0.016141 -0.013061 -0.010558
126.000 0.846513 0.809017 -0.016040 -0.012977 -0.010489
126.200 0.847625 0.806960 -0.015936 -0.012891 -0.010418
126.400 0.848733 0.804894 -0.015839 -0.012811 -0.010352
126.600 0.849837 0.802818 -0.015736 -0.012726 -0.010282
126.800 0.850938 0.800731 -0.015638 -0.012645 -0.010215
127.000 0.852036 0.798636 -0.015539 -0.012563 -0.010148
127.200 0.853129 0.796530 -0.015439 -0.012481 -0.010080
127.400 0.854219 0.794415 -0.015342 -0.012401 -0.010014
127.600 0.855305 0.792290 -0.015245 -0.012321 -0.009948
127.800 0.856387 0.790155 -0.015148 -0.012241 -0.009883
128.000 0.857465 0.788011 -0.015051 -0.012161 -0.009817
128.200 0.858540 0.785857 -0.014955 -0.012082 -0.009751
128.400 0.859611 0.783694 -0.014861 -0.012005 -0.009688
128.600 0.860678 0.781520 -0.014767 -0.011927 -0.009624
128.800 0.861741 0.779338 -0.014670 -0.011848 -0.009559
129.000 0.862801 0.777146 -0.014579 -0.011772 -0.009497
129.200 0.863857 0.774945 -0.014486 -0.011696 -0.009434
129.400 0.864909 0.772734 -0.014393 -0.011620 -0.009371
129.600 0.865957 0.770513 -0.014302 -0.011545 -0.009310
129.800 0.867001 0.768283 -0.014208 -0.011468 -0.009247
130.000 0.868042 0.766044 -0.014118 -0.011393 -0.009185
130.200 0.869079 0.763796 -0.014028 -0.011319 -0.009125
130.400 0.870112 0.761538 -0.013938 -0.011246 -0.009064
130.600 0.871141 0.759271 -0.013850 -0.011173 -0.009005
130.800 0.872166 0.756995 -0.013759 -0.011099 -0.008944
131.000 0.873188 0.754710 -0.013672 -0.011026 -0.008885
131.200 0.874205 0.752415 -0.013583 -0.010954 -0.008825
131.400 0.875219 0.750111 -0.013496 -0.010882 -0.008766
131.600 0.876229 0.747798 -0.013410 -0.010812 -0.008708
131.800 0.877235 0.745476 -0.013322 -0.010740 -0.008650
132.000 0.878237 0.743145 -0.013236 -0.010669 -0.008592
132.200 0.879236 0.740805 -0.013150 -0.010599 -0.008534
132.400 0.880230 0.738455 -0.013065 -0.010529 -0.008477
132.600 0.881221 0.736097 -0.012982 -0.010461 -0.008421
132.800 0.882207 0.733730 -0.012896 -0.010390 -0.008363
133.000 0.883190 0.731354 -0.012813 -0.010322 -0.008308
133.200 0.884169 0.728969 -0.012729 -0.010254 -0.008251
133.400 0.885144 0.726575 -0.012646 -0.010185 -0.008196
133.600 0.886115 0.724172 -0.012566 -0.010120 -0.008142
133.800 0.887082 0.721760 -0.012481 -0.010050 -0.008085
134.000 0.888046 0.719340 -0.012402 -0.009986 -0.008032
134.200 0.889005 0.716911 -0.012319 -0.009918 -0.007977
134.400 0.889961 0.714473 -0.012237 -0.009851 -0.007922
134.600 0.890912 0.712026 -0.012160 -0.009788 -0.007870
134.800 0.891860 0.709571 -0.012079 -0.009722 -0.007817
135.000 0.892803 0.707107 -0.011998 -0.009655 -0.007762
135.200 0.893743 0.704634 -0.011919 -0.009591 -0.007710
135.400 0.894679 0.702153 -0.011843 -0.009528 -0.007659
135.600 0.895611 0.699663 -0.011763 -0.009463 -0.007606
135.800 0.896539 0.697165 -0.011685 -0.009399 -0.007553
136.000 0.897462 0.694658 -0.011608 -0.009336 -0.007502
136.200 0.898382 0.692143 -0.011532 -0.009274 -0.007452
136.400 0.899298 0.689620 -0.011453 -0.009210 -0.007399
136.600 0.900210 0.687087 -0.011378 -0.009148 -0.007349
136.800 0.901118 0.684547 -0.011302 -0.009087 -0.007299
137.000 0.902022 0.681998 -0.011226 -0.009025 -0.007248
137.200 0.902922 0.679441 -0.011151 -0.008964 -0.007198
137.400 0.903819 0.676876 -0.011077 -0.008903 -0.007149
137.600 0.904711 0.674302 -0.011002 -0.008842 -0.007099
137.800 0.905599 0.671721 -0.010927 -0.008781 -0.007049
138.000 0.906483 0.669131 -0.010855 -0.008722 -0.007001
138.200 0.907363 0.666533 -0.010781 -0.008662 -0.006953
138.400 0.908239 0.663926 -0.010708 -0.008602 -0.006904
138.600 0.909111 0.661312 -0.010636 -0.008544 -0.006856
138.800 0.909979 0.658689 -0.010563 -0.008484 -0.006808
139.000 0.910843 0.656059 -0.010491 -0.008426 -0.006760
139.200 0.911703 0.653421 -0.010420 -0.008368 -0.006713
139.400 0.912559 0.650774 -0.010348 -0.008309 -0.006666
139.600 0.913411 0.648120 -0.010279 -0.008253 -0.006620
139.800 0.914259 0.645458 -0.010208 -0.008195 -0.006573
140.000 0.915103 0.642788 -0.010137 -0.008138 -0.006526
140.200 0.915943 0.640110 -0.010067 -0.008080 -0.006479
140.400 0.916779 0.637424 -0.009998 -0.008024 -0.006434
140.600 0.917611 0.634730 -0.009930 -0.007969 -0.006389
140.800 0.918438 0.632029 -0.009858 -0.007911 -0.006342
141.000 0.919262 0.629320 -0.009791 -0.007856 -0.006298
141.200 0.920082 0.626604 -0.009724 -0.007802 -0.006253
141.400 0.920897 0.623880 -0.009654 -0.007745 -0.006207
141.600 0.921709 0.621148 -0.009588 -0.007692 -0.006164
141.800 0.922516 0.618408 -0.009520 -0.007636 -0.006119
142.000 0.923319 0.615662 -0.009453 -0.007581 -0.006075
142.200 0.924119 0.612907 -0.009386 -0.007527 -0.006031
142.400 0.924914 0.610145 -0.009321 -0.007474 -0.005988
142.600 0.925705 0.607376 -0.009254 -0.007420 -0.005944
142.800 0.926492 0.604599 -0.009189 -0.007367 -0.005901
143.000 0.927275 0.601815 -0.009123 -0.007314 -0.005858
143.200 0.928054 0.599024 -0.009057 -0.007260 -0.005814
143.400 0.928829 0.596225 -0.008994 -0.007209 -0.005773
143.600 0.929600 0.593419 -0.008929 -0.007156 -0.005730
143.800 0.930366 0.590606 -0.008864 -0.007104 -0.005688
144.000 0.931129 0.587785 -0.008800 -0.007052 -0.005645
144.200 0.931887 0.584958 -0.008737 -0.007000 -0.005604
144.400 0.932641 0.582123 -0.008673 -0.006949 -0.005562
144.600 0.933392 0.579281 -0.008610 -0.006898 -0.005521
144.800 0.934138 0.576432 -0.008547 -0.006847 -0.005480
145.000 0.934880 0.573576 -0.008484 -0.006796 -0.005438
145.200 0.935618 0.570714 -0.008422 -0.006745 -0.005397
145.400 0.936351 0.567844 -0.008360 -0.006696 -0.005357
145.600 0.937081 0.564967 -0.008298 -0.006645 -0.005317
145.800 0.937807 0.562083 -0.008236 -0.006595 -0.005276
146.000 0.938528 0.559193 -0.008175 -0.006546 -0.005236
146.200 0.939245 0.556296 -0.008114 -0.006496 -0.005196
146.400 0.939958 0.553392 -0.008053 -0.006447 -0.005157
146.600 0.940667 0.550481 -0.007993 -0.006399 -0.005117
146.800 0.941372 0.547563 -0.007932 -0.006350 -0.005078
147.000 0.942073 0.544639 -0.007871 -0.006300 -0.005038
147.200 0.942770 0.541708 -0.007813 -0.006253 -0.005000
147.400 0.943462 0.538771 -0.007752 -0.006204 -0.004960
147.600 0.944151 0.535827 -0.007695 -0.006158 -0.004923
147.800 0.944835 0.532876 -0.007634 -0.006109 -0.004883
148.000 0.945515 0.529919 -0.007575 -0.006061 -0.004845
148.200 0.946191 0.526956 -0.007518 -0.006015 -0.004807
148.400 0.946862 0.523986 -0.007457 -0.005966 -0.004768
148.600 0.947530 0.521010 -0.007402 -0.005921 -0.004732
148.800 0.948194 0.518027 -0.007343 -0.005873 -0.004693
149.000 0.948853 0.515038 -0.007284 -0.005826 -0.004656
149.200 0.949508 0.512043 -0.007227 -0.005780 -0.004618
149.400 0.950159 0.509042 -0.007170 -0.005734 -0.004581
149.600 0.950806 0.506034 -0.007113 -0.005688 -0.004544
149.800 0.951448 0.503020 -0.007056 -0.005642 -0.004507
150.000 0.952087 0.500000 -0.007000 -0.005597 -0.004471
150.200 0.952721 0.496974 -0.006943 -0.005551 -0.004434
150.400 0.953351 0.493942 -0.006887 -0.005506 -0.004398
150.600 0.953977 0.490904 -0.006832 -0.005461 -0.004362
150.800 0.954599 0.487860 -0.006776 -0.005416 -0.004325
151.000 0.955217 0.484810 -0.006720 -0.005371 -0.004289
151.200 0.955830 0.481754 -0.006664 -0.005326 -0.004253
151.400 0.956440 0.478692 -0.006609 -0.005282 -0.004217
151.600 0.957045 0.475624 -0.006555 -0.005239 -0.004182
151.800 0.957646 0.472551 -0.006500 -0.005194 -0.004146
152.000 0.958242 0.469472 -0.006445 -0.005150 -0.004111
152.200 0.958835 0.466387 -0.006391 -0.005106 -0.004076
152.400 0.959423 0.463296 -0.006338 -0.005064 -0.004042
152.600 0.960007 0.460200 -0.006282 -0.005019 -0.004006
152.800 0.960587 0.457098 -0.006229 -0.004976 -0.003971
153.000 0.961163 0.453991 -0.006175 -0.004933 -0.003937
153.200 0.961735 0.450878 -0.006122 -0.004890 -0.003902
153.400 0.962302 0.447759 -0.006069 -0.004847 -0.003868
153.600 0.962865 0.444635 -0.006017 -0.004806 -0.003834
153.800 0.963424 0.441506 -0.005963 -0.004762 -0.003799
154.000 0.963979 0.438371 -0.005910 -0.004719 -0.003765
154.200 0.964530 0.435231 -0.005859 -0.004678 -0.003732
154.400 0.965076 0.432086 -0.005806 -0.004636 -0.003698
154.600 0.965618 0.428935 -0.005753 -0.004594 -0.003664
154.800 0.966156 0.425779 -0.005702 -0.004553 -0.003631
155.000 0.966690 0.422618 -0.005650 -0.004511 -0.003597
155.200 0.967220 0.419452 -0.005598 -0.004469 -0.003564
155.400 0.967745 0.416281 -0.005547 -0.004428 -0.003531
155.600 0.968266 0.413104 -0.005495 -0.004386 -0.003498
155.800 0.968783 0.409923 -0.005444 -0.004345 -0.003465
156.000 0.969296 0.406737 -0.005394 -0.004305 -0.003433
156.200 0.969805 0.403545 -0.005343 -0.004264 -0.003400
156.400 0.970309 0.400349 -0.005291 -0.004222 -0.003366
156.600 0.970809 0.397148 -0.005242 -0.004183 -0.003335
156.800 0.971305 0.393942 -0.005191 -0.004142 -0.003302
157.000 0.971796 0.390731 -0.005141 -0.004102 -0.003270
157.200 0.972284 0.387516 -0.005091 -0.004062 -0.003238
157.400 0.972767 0.384295 -0.005041 -0.004022 -0.003206
157.600 0.973246 0.381070 -0.004992 -0.003983 -0.003174
157.800 0.973721 0.377841 -0.004941 -0.003942 -0.003142
158.000 0.974191 0.374607 -0.004892 -0.003903 -0.003110
158.200 0.974658 0.371368 -0.004843 -0.003863 -0.003079
158.400 0.975120 0.368125 -0.004793 -0.003823 -0.003047
158.600 0.975578 0.364877 -0.004745 -0.003785 -0.003016
158.800 0.976031 0.361625 -0.004697 -0.003746 -0.002985
159.000 0.976481 0.358368 -0.004647 -0.003706 -0.002953
159.200 0.976926 0.355107 -0.004598 -0.003667 -0.002922
159.400 0.977367 0.351842 -0.004550 -0.003629 -0.002891
159.600 0.977804 0.348572 -0.004503 -0.003591 -0.002861
159.800 0.978236 0.345298 -0.004453 -0.003551 -0.002829
160.000 0.978664 0.342020 -0.004406 -0.003513 -0.002799
160.200 0.979088 0.338738 -0.004357 -0.003474 -0.002767
160.400 0.979508 0.335452 -0.004310 -0.003437 -0.002737
160.600 0.979924 0.332161 -0.004262 -0.003398 -0.002707
160.800 0.980335 0.328867 -0.004215 -0.003360 -0.002676
161.000 0.980742 0.325568 -0.004167 -0.003322 -0.002645
161.200 0.981145 0.322266 -0.004121 -0.003285 -0.002616
161.400 0.981544 0.318959 -0.004072 -0.003246 -0.002585
161.600 0.981938 0.315649 -0.004025 -0.003208 -0.002555
161.800 0.982328 0.312335 -0.003979 -0.003172 -0.002526
162.000 0.982714 0.309017 -0.003932 -0.003134 -0.002495
162.200 0.983096 0.305695 -0.003885 -0.003096 -0.002465
162.400 0.983473 0.302370 -0.003838 -0.003059 -0.002436
162.600 0.983846 0.299041 -0.003792 -0.003022 -0.002406
162.800 0.984215 0.295708 -0.003746 -0.002985 -0.002376
163.000 0.984580 0.292372 -0.003699 -0.002947 -0.002346
163.200 0.984940 0.289032 -0.003653 -0.002911 -0.002317
163.400 0.985296 0.285689 -0.003608 -0.002875 -0.002288
163.600 0.985648 0.282341 -0.003561 -0.002837 -0.002259
163.800 0.985996 0.278991 -0.003516 -0.002801 -0.002230
164.000 0.986339 0.275637 -0.003469 -0.002764 -0.002200
164.200 0.986678 0.272280 -0.003424 -0.002728 -0.002171
164.400 0.987013 0.268920 -0.003378 -0.002691 -0.002142
164.600 0.987344 0.265556 -0.003333 -0.002655 -0.002113
164.800 0.987670 0.262189 -0.003287 -0.002619 -0.002084
165.000 0.987992 0.258819 -0.003243 -0.002583 -0.002056
165.200 0.988310 0.255446 -0.003196 -0.002546 -0.002026
165.400 0.988624 0.252070 -0.003152 -0.002511 -0.001998
165.600 0.988933 0.248690 -0.003108 -0.002476 -0.001970
165.800 0.989238 0.245307 -0.003061 -0.002438 -0.001940
166.000 0.989539 0.241922 -0.003017 -0.002403 -0.001912
166.200 0.989836 0.238534 -0.002972 -0.002367 -0.001884
166.400 0.990128 0.235142 -0.002927 -0.002331 -0.001855
166.600 0.990416 0.231748 -0.002884 -0.002297 -0.001827
166.800 0.990700 0.228351 -0.002838 -0.002260 -0.001798
167.000 0.990980 0.224951 -0.002794 -0.002225 -0.001770
167.200 0.991255 0.221549 -0.002750 -0.002190 -0.001742
167.400 0.991526 0.218143 -0.002706 -0.002155 -0.001714
167.600 0.991793 0.214735 -0.002662 -0.002119 -0.001686
167.800 0.992055 0.211325 -0.002617 -0.002084 -0.001658
168.000 0.992314 0.207912 -0.002573 -0.002049 -0.001630
168.200 0.992568 0.204496 -0.002529 -0.002014 -0.001602
168.400 0.992818 0.201078 -0.002485 -0.001979 -0.001574
168.600 0.993063 0.197657 -0.002442 -0.001944 -0.001546
168.800 0.993304 0.194234 -0.002398 -0.001909 -0.001518
169.000 0.993541 0.190809 -0.002355 -0.001875 -0.001491
169.200 0.993774 0.187381 -0.002311 -0.001840 -0.001463
169.400 0.994002 0.183952 -0.002266 -0.001804 -0.001435
169.600 0.994227 0.180519 -0.002224 -0.001771 -0.001408
169.800 0.994447 0.177085 -0.002180 -0.001735 -0.001380
170.000 0.994662 0.173648 -0.002136 -0.001701 -0.001353
170.200 0.994874 0.170210 -0.002094 -0.001667 -0.001326
170.400 0.995081 0.166769 -0.002051 -0.001632 -0.001298
170.600 0.995284 0.163326 -0.002007 -0.001597 -0.001270
170.800 0.995482 0.159881 -0.001964 -0.001563 -0.001243
171.000 0.995677 0.156435 -0.001922 -0.001530 -0.001216
171.200 0.995867 0.152986 -0.001878 -0.001495 -0.001189
171.400 0.996052 0.149535 -0.001834 -0.001460 -0.001161
171.600 0.996234 0.146083 -0.001792 -0.001427 -0.001134
171.800 0.996411 0.142629 -0.001750 -0.001393 -0.001108
172.000 0.996584 0.139173 -0.001706 -0.001358 -0.001080
172.200 0.996753 0.135716 -0.001663 -0.001324 -0.001053
172.400 0.996917 0.132257 -0.001621 -0.001290 -0.001026
172.600 0.997078 0.128796 -0.001578 -0.001256 -0.000998
172.800 0.997233 0.125333 -0.001536 -0.001222 -0.000972
173.000 0.997385 0.121869 -0.001493 -0.001188 -0.000945
173.200 0.997532 0.118404 -0.001450 -0.001154 -0.000918
173.400 0.997676 0.114937 -0.001409 -0.001121 -0.000892
173.600 0.997814 0.111469 -0.001365 -0.001086 -0.000863
173.800 0.997949 0.107999 -0.001324 -0.001053 -0.000837
174.000 0.998079 0.104529 -0.001281 -0.001020 -0.000811
174.200 0.998205 0.101056 -0.001238 -0.000985 -0.000783
174.400 0.998327 0.097583 -0.001196 -0.000952 -0.000757
174.600 0.998445 0.094108 -0.001154 -0.000918 -0.000730
174.800 0.998558 0.090633 -0.001111 -0.000884 -0.000703
175.000 0.998667 0.087156 -0.001070 -0.000852 -0.000677
175.200 0.998771 0.083678 -0.001027 -0.000817 -0.000650
175.400 0.998872 0.080199 -0.000985 -0.000783 -0.000623
175.600 0.998968 0.076719 -0.000943 -0.000750 -0.000597
175.800 0.999060 0.073238 -0.000901 -0.000717 -0.000570
176.000 0.999147 0.069757 -0.000858 -0.000683 -0.000543
176.200 0.999231 0.066274 -0.000818 -0.000651 -0.000517
176.400 0.999310 0.062791 -0.000774 -0.000616 -0.000490
176.600 0.999385 0.059306 -0.000733 -0.000583 -0.000464
176.800 0.999455 0.055822 -0.000691 -0.000549 -0.000437
177.000 0.999521 0.052336 -0.000649 -0.000516 -0.000410
177.200 0.999583 0.048850 -0.000607 -0.000483 -0.000384
177.400 0.999641 0.045363 -0.000565 -0.000449 -0.000357
177.600 0.999694 0.041876 -0.000523 -0.000416 -0.000331
177.800 0.999744 0.038388 -0.000481 -0.000383 -0.000304
178.000 0.999788 0.034900 -0.000439 -0.000350 -0.000278
178.200 0.999829 0.031411 -0.000397 -0.000316 -0.000251
178.400 0.999865 0.027922 -0.000356 -0.000283 -0.000225
178.600 0.999897 0.024432 -0.000313 -0.000249 -0.000198
178.800 0.999925 0.020942 -0.000272 -0.000217 -0.000172
179.000 0.999949 0.017452 -0.000230 -0.000183 -0.000145
179.200 0.999968 0.013962 -0.000189 -0.000150 -0.000119
179.400 0.999983 0.010472 -0.000146 -0.000116 -0.000092
179.600 0.999994 0.006981 -0.000104 -0.000083 -0.000066
179.800 1.000000 0.003491 -0.000063 -0.000050 -0.000040
