-179.800 1.000000 -0.003491 -0.000000 -0.000000 0.000000
-179.600 0.999994 -0.006981 0.000058 0.000046 0.000037
-179.400 0.999983 -0.010472 0.000097 0.000077 0.000061
-179.200 0.999968 -0.013962 0.000137 0.000108 0.000086
-179.000 0.999949 -0.017452 0.000175 0.000138 0.000110
-178.800 0.999926 -0.020942 0.000214 0.000170 0.000135
-178.600 0.999898 -0.024432 0.000254 0.000201 0.000159
-178.400 0.999867 -0.027922 0.000291 0.000231 0.000183
-178.200 0.999831 -0.031411 0.000332 0.000263 0.000209
-178.000 0.999790 -0.034900 0.000370 0.000293 0.000232
-177.800 0.999746 -0.038388 0.000409 0.000325 0.000257
-177.600 0.999697 -0.041876 0.000447 0.000355 0.000281
-177.400 0.999644 -0.045363 0.000488 0.000387 0.000307
-177.200 0.999587 -0.048850 0.000526 0.000417 0.000330
-177.000 0.999526 -0.052336 0.000565 0.000448 0.000355
-176.800 0.999460 -0.055822 0.000604 0.000479 0.000380
-176.600 0.999390 -0.059306 0.000643 0.000510 0.000404
-176.400 0.999316 -0.062791 0.000683 0.000542 0.000429
-176.200 0.999237 -0.066274 0.000722 0.000572 0.000454
-176.000 0.999155 -0.069757 0.000761 0.000603 0.000478
-175.800 0.999068 -0.073238 0.000800 0.000635 0.000503
-175.600 0.998977 -0.076719 0.000839 0.000666 0.000528
-175.400 0.998882 -0.080199 0.000878 0.000697 0.000552
-175.200 0.998782 -0.083678 0.000917 0.000728 0.000577
-175.000 0.998678 -0.087156 0.000957 0.000759 0.000602
-174.800 0.998570 -0.090633 0.000996 0.000790 0.000626
-174.600 0.998458 -0.094108 0.001035 0.000821 0.000651
-174.400 0.998342 -0.097583 0.001074 0.000852 0.000675
-174.200 0.998221 -0.101056 0.001115 0.000885 0.000701
-174.000 0.998096 -0.104529 0.001153 0.000915 0.000725
-173.800 0.997967 -0.107999 0.001193 0.000946 0.000750
-173.600 0.997833 -0.111469 0.001232 0.000977 0.000774
-173.400 0.997696 -0.114937 0.001272 0.001009 0.000800
-173.200 0.997554 -0.118404 0.001311 0.001040 0.000824
-173.000 0.997408 -0.121869 0.001352 0.001072 0.000850
-172.800 0.997257 -0.125333 0.001391 0.001104 0.000875
-172.600 0.997103 -0.128796 0.001430 0.001135 0.000899
-172.400 0.996944 -0.132257 0.001470 0.001166 0.000924
-172.200 0.996781 -0.135716 0.001510 0.001198 0.000950
-172.000 0.996613 -0.139173 0.001549 0.001229 0.000974
-171.800 0.996442 -0.142629 0.001590 0.001262 0.001000
-171.600 0.996266 -0.146083 0.001629 0.001293 0.001024
-171.400 0.996086 -0.149535 0.001669 0.001324 0.001049
-171.200 0.995902 -0.152986 0.001709 0.001356 0.001075
-171.000 0.995713 -0.156435 0.001749 0.001388 0.001100
-170.800 0.995521 -0.159881 0.001789 0.001420 0.001125
-170.600 0.995324 -0.163326 0.001830 0.001452 0.001151
-170.400 0.995123 -0.166769 0.001869 0.001483 0.001176
-170.200 0.994917 -0.170210 0.001911 0.001516 0.001202
-170.000 0.994708 -0.173648 0.001949 0.001547 0.001226
-169.800 0.994494 -0.177085 0.001992 0.001581 0.001253
-169.600 0.994276 -0.180519 0.002030 0.001611 0.001277
-169.400 0.994053 -0.183952 0.002071 0.001644 0.001303
-169.200 0.993827 -0.187381 0.002111 0.001676 0.001329
-169.000 0.993596 -0.190809 0.002153 0.001709 0.001355
-168.800 0.993361 -0.194234 0.002193 0.001741 0.001380
-168.600 0.993122 -0.197657 0.002233 0.001772 0.001405
-168.400 0.992878 -0.201078 0.002275 0.001806 0.001432
-168.200 0.992631 -0.204496 0.002315 0.001837 0.001457
-168.000 0.992379 -0.207912 0.002356 0.001870 0.001483
-167.800 0.992123 -0.211325 0.002397 0.001903 0.001509
-167.600 0.991862 -0.214735 0.002438 0.001935 0.001535
-167.400 0.991598 -0.218143 0.002479 0.001968 0.001560
-167.200 0.991329 -0.221549 0.002521 0.002001 0.001587
-167.000 0.991056 -0.224951 0.002561 0.002033 0.001612
-166.800 0.990779 -0.228351 0.002602 0.002066 0.001638
-166.600 0.990497 -0.231748 0.002644 0.002099 0.001665
-166.400 0.990211 -0.235142 0.002685 0.002132 0.001691
-166.200 0.989921 -0.238534 0.002728 0.002166 0.001718
-166.000 0.989627 -0.241922 0.002769 0.002199 0.001744
-165.800 0.989329 -0.245307 0.002810 0.002231 0.001770
-165.600 0.989026 -0.248690 0.002851 0.002264 0.001796
-165.400 0.988719 -0.252070 0.002895 0.002299 0.001823
-165.200 0.988408 -0.255446 0.002937 0.002332 0.001850
-165.000 0.988093 -0.258819 0.002977 0.002364 0.001875
-164.800 0.987773 -0.262189 0.003020 0.002398 0.001902
-164.600 0.987450 -0.265556 0.003063 0.002432 0.001930
-164.400 0.987122 -0.268920 0.003105 0.002466 0.001956
-164.200 0.986790 -0.272280 0.003147 0.002499 0.001983
-164.000 0.986453 -0.275637 0.003189 0.002533 0.002010
-163.800 0.986113 -0.278991 0.003232 0.002567 0.002037
-163.600 0.985768 -0.282341 0.003274 0.002601 0.002064
-163.400 0.985419 -0.285689 0.003318 0.002636 0.002091
-163.200 0.985065 -0.289032 0.003360 0.002669 0.002118
-163.000 0.984708 -0.292372 0.003404 0.002704 0.002145
-162.800 0.984346 -0.295708 0.003446 0.002737 0.002172
-162.600 0.983980 -0.299041 0.003490 0.002772 0.002200
-162.400 0.983610 -0.302370 0.003533 0.002807 0.002227
-162.200 0.983236 -0.305695 0.003577 0.002842 0.002255
-162.000 0.982857 -0.309017 0.003619 0.002876 0.002282
-161.800 0.982474 -0.312335 0.003663 0.002910 0.002310
-161.600 0.982087 -0.315649 0.003706 0.002944 0.002337
-161.400 0.981696 -0.318959 0.003750 0.002980 0.002365
-161.200 0.981301 -0.322266 0.003796 0.003016 0.002394
-161.000 0.980901 -0.325568 0.003837 0.003049 0.002421
-160.800 0.980497 -0.328867 0.003882 0.003085 0.002449
-160.600 0.980089 -0.332161 0.003928 0.003122 0.002478
-160.400 0.979677 -0.335452 0.003971 0.003156 0.002505
-160.200 0.979260 -0.338738 0.004015 0.003191 0.002534
-160.000 0.978840 -0.342020 0.004060 0.003227 0.002563
-159.800 0.978415 -0.345298 0.004104 0.003262 0.002590
-159.600 0.977986 -0.348572 0.004150 0.003299 0.002619
-159.400 0.977552 -0.351842 0.004194 0.003334 0.002647
-159.200 0.977115 -0.355107 0.004240 0.003371 0.002677
-159.000 0.976673 -0.358368 0.004284 0.003406 0.002705
-158.800 0.976227 -0.361625 0.004331 0.003443 0.002734
-158.600 0.975777 -0.364877 0.004375 0.003479 0.002763
-158.400 0.975323 -0.368125 0.004422 0.003516 0.002792
-158.200 0.974864 -0.371368 0.004466 0.003552 0.002821
-158.000 0.974401 -0.374607 0.004512 0.003588 0.002850
-157.800 0.973934 -0.377841 0.004558 0.003625 0.002880
-157.600 0.973463 -0.381070 0.004604 0.003662 0.002909
-157.400 0.972988 -0.384295 0.004652 0.003700 0.002939
-157.200 0.972508 -0.387516 0.004696 0.003735 0.002968
-157.000 0.972025 -0.390731 0.004744 0.003773 0.002998
-156.800 0.971537 -0.393942 0.004790 0.003810 0.003027
-156.600 0.971045 -0.397148 0.004838 0.003848 0.003058
-156.400 0.970548 -0.400349 0.004885 0.003886 0.003088
-156.200 0.970048 -0.403545 0.004930 0.003922 0.003117
-156.000 0.969543 -0.406737 0.004979 0.003961 0.003148
-155.800 0.969034 -0.409923 0.005026 0.003999 0.003178
-155.600 0.968521 -0.413104 0.005073 0.004036 0.003208
-155.400 0.968004 -0.416281 0.005122 0.004076 0.003240
-155.200 0.967482 -0.419452 0.005168 0.004113 0.003269
-155.000 0.966957 -0.422618 0.005217 0.004151 0.003300
-154.800 0.966427 -0.425779 0.005265 0.004190 0.003331
-154.600 0.965893 -0.428935 0.005314 0.004229 0.003362
-154.400 0.965354 -0.432086 0.005361 0.004267 0.003393
-154.200 0.964812 -0.435231 0.005410 0.004306 0.003424
-154.000 0.964265 -0.438371 0.005459 0.004346 0.003456
-153.800 0.963715 -0.441506 0.005507 0.004384 0.003487
-153.600 0.963160 -0.444635 0.005557 0.004424 0.003518
-153.400 0.962601 -0.447759 0.005607 0.004464 0.003551
-153.200 0.962037 -0.450878 0.005656 0.004504 0.003582
-153.000 0.961470 -0.453991 0.005705 0.004543 0.003613
-152.800 0.960898 -0.457098 0.005755 0.004583 0.003646
-152.600 0.960323 -0.460200 0.005806 0.004623 0.003678
-152.400 0.959742 -0.463296 0.005856 0.004664 0.003710
-152.200 0.959158 -0.466387 0.005906 0.004704 0.003742
-152.000 0.958570 -0.469472 0.005956 0.004744 0.003774
-151.800 0.957978 -0.472551 0.006007 0.004785 0.003807
-151.600 0.957381 -0.475624 0.006058 0.004826 0.003840
-151.400 0.956780 -0.478692 0.006110 0.004867 0.003873
-151.200 0.956175 -0.481754 0.006159 0.004907 0.003905
-151.000 0.955566 -0.484810 0.006212 0.004950 0.003939
-150.800 0.954953 -0.487860 0.006262 0.004990 0.003972
-150.600 0.954335 -0.490904 0.006316 0.005033 0.004006
-150.400 0.953714 -0.493942 0.006367 0.005074 0.004039
-150.200 0.953088 -0.496974 0.006420 0.005116 0.004073
-150.000 0.952458 -0.500000 0.006472 0.005158 0.004107
-149.800 0.951824 -0.503020 0.006523 0.005199 0.004140
-149.600 0.951186 -0.506034 0.006578 0.005243 0.004175
-149.400 0.950543 -0.509042 0.006631 0.005286 0.004209
-149.200 0.949897 -0.512043 0.006683 0.005328 0.004243
-149.000 0.949246 -0.515038 0.006738 0.005372 0.004278
-148.800 0.948591 -0.518027 0.006789 0.005413 0.004312
-148.600 0.947932 -0.521010 0.006845 0.005458 0.004347
-148.400 0.947269 -0.523986 0.006899 0.005501 0.004382
-148.200 0.946602 -0.526956 0.006953 0.005545 0.004417
-148.000 0.945930 -0.529919 0.007008 0.005589 0.004453
-147.800 0.945255 -0.532876 0.007061 0.005632 0.004487
-147.600 0.944575 -0.535827 0.007117 0.005677 0.004523
-147.400 0.943891 -0.538771 0.007173 0.005722 0.004560
-147.200 0.943203 -0.541708 0.007227 0.005766 0.004595
-147.000 0.942511 -0.544639 0.007283 0.005811 0.004631
-146.800 0.941815 -0.547563 0.007338 0.005855 0.004667
-146.600 0.941115 -0.550481 0.007395 0.005901 0.004704
-146.400 0.940411 -0.553392 0.007451 0.005946 0.004740
-146.200 0.939702 -0.556296 0.007509 0.005993 0.004777
-146.000 0.938989 -0.559193 0.007564 0.006037 0.004814
-145.800 0.938273 -0.562083 0.007621 0.006083 0.004851
-145.600 0.937552 -0.564967 0.007680 0.006130 0.004888
-145.400 0.936827 -0.567844 0.007736 0.006176 0.004925
-145.200 0.936098 -0.570714 0.007794 0.006222 0.004963
-145.000 0.935364 -0.573576 0.007853 0.006270 0.005001
-144.800 0.934627 -0.576432 0.007910 0.006316 0.005038
-144.600 0.933886 -0.579281 0.007969 0.006364 0.005076
-144.400 0.933140 -0.582123 0.008028 0.006411 0.005115
-144.200 0.932391 -0.584958 0.008087 0.006459 0.005153
-144.000 0.931637 -0.587785 0.008147 0.006508 0.005193
-143.800 0.930879 -0.590606 0.008204 0.006553 0.005229
-143.600 0.930117 -0.593419 0.008266 0.006604 0.005270
-143.400 0.929351 -0.596225 0.008326 0.006652 0.005309
-143.200 0.928581 -0.599024 0.008387 0.006701 0.005349
-143.000 0.927807 -0.601815 0.008445 0.006749 0.005387
-142.800 0.927029 -0.604599 0.008507 0.006798 0.005427
-142.600 0.926246 -0.607376 0.008569 0.006849 0.005468
-142.400 0.925460 -0.610145 0.008630 0.006898 0.005508
-142.200 0.924670 -0.612907 0.008691 0.006947 0.005547
-142.000 0.923875 -0.615662 0.008753 0.006998 0.005588
-141.800 0.923076 -0.618408 0.008816 0.007049 0.005629
-141.600 0.922274 -0.621148 0.008878 0.007099 0.005670
-141.400 0.921467 -0.623880 0.008942 0.007150 0.005711
-141.200 0.920656 -0.626604 0.009004 0.007201 0.005752
-141.000 0.919841 -0.629320 0.009068 0.007253 0.005794
-140.800 0.919022 -0.632029 0.009131 0.007304 0.005836
-140.600 0.918199 -0.634730 0.009195 0.007355 0.005877
-140.400 0.917372 -0.637424 0.009260 0.007408 0.005920
-140.200 0.916541 -0.640110 0.009325 0.007461 0.005963
-140.000 0.915706 -0.642788 0.009389 0.007513 0.006005
-139.800 0.914867 -0.645458 0.009455 0.007566 0.006048
-139.600 0.914024 -0.648120 0.009519 0.007618 0.006090
-139.400 0.913177 -0.650774 0.009587 0.007673 0.006135
-139.200 0.912326 -0.653421 0.009653 0.007727 0.006178
-139.000 0.911470 -0.656059 0.009718 0.007780 0.006221
-138.800 0.910611 -0.658689 0.009786 0.007835 0.006266
-138.600 0.909748 -0.661312 0.009852 0.007888 0.006309
-138.400 0.908880 -0.663926 0.009922 0.007945 0.006355
-138.200 0.908009 -0.666533 0.009988 0.007998 0.006398
-138.000 0.907134 -0.669131 0.010057 0.008054 0.006444
-137.800 0.906254 -0.671721 0.010125 0.008110 0.006489
-137.600 0.905371 -0.674302 0.010193 0.008165 0.006534
-137.400 0.904484 -0.676876 0.010264 0.008223 0.006580
-137.200 0.903593 -0.679441 0.010332 0.008278 0.006626
-137.000 0.902697 -0.681998 0.010404 0.008336 0.006673
-136.800 0.901798 -0.684547 0.010472 0.008392 0.006718
-136.600 0.900895 -0.687087 0.010544 0.008450 0.006765
-136.400 0.899987 -0.689620 0.010615 0.008508 0.006812
-136.200 0.899076 -0.692143 0.010685 0.008565 0.006858
-136.000 0.898161 -0.694658 0.010757 0.008624 0.006906
-135.800 0.897242 -0.697165 0.010831 0.008684 0.006955
-135.600 0.896319 -0.699663 0.010901 0.008741 0.007002
-135.400 0.895391 -0.702153 0.010976 0.008802 0.007051
-135.200 0.894460 -0.704634 0.011047 0.008860 0.007098
-135.000 0.893525 -0.707107 0.011122 0.008921 0.007148
-134.800 0.892586 -0.709571 0.011196 0.008982 0.007197
-134.600 0.891643 -0.712026 0.011269 0.009041 0.007245
-134.400 0.890696 -0.714473 0.011346 0.009103 0.007296
-134.200 0.889746 -0.716911 0.011420 0.009163 0.007345
-134.000 0.888791 -0.719340 0.011495 0.009225 0.007395
-133.800 0.887832 -0.721760 0.011572 0.009288 0.007446
-133.600 0.886870 -0.724172 0.011646 0.009348 0.007495
-133.400 0.885903 -0.726575 0.011726 0.009413 0.007549
-133.200 0.884933 -0.728969 0.011802 0.009475 0.007599
-133.000 0.883958 -0.731354 0.011878 0.009538 0.007650
-132.800 0.882980 -0.733730 0.011957 0.009602 0.007703
-132.600 0.881998 -0.736097 0.012036 0.009666 0.007755
-132.400 0.881012 -0.738455 0.012114 0.009730 0.007807
-132.200 0.880022 -0.740805 0.012193 0.009795 0.007860
-132.000 0.879028 -0.743145 0.012273 0.009860 0.007913
-131.800 0.878030 -0.745476 0.012352 0.009925 0.007966
-131.600 0.877029 -0.747798 0.012433 0.009991 0.008020
-131.400 0.876023 -0.750111 0.012516 0.010059 0.008076
-131.200 0.875014 -0.752415 0.012596 0.010124 0.008129
-131.000 0.874001 -0.754710 0.012677 0.010191 0.008183
-130.800 0.872984 -0.756995 0.012761 0.010259 0.008239
-130.600 0.871963 -0.759271 0.012841 0.010325 0.008293
-130.400 0.870938 -0.761538 0.012928 0.010396 0.008351
-130.200 0.869909 -0.763796 0.013011 0.010464 0.008407
-130.000 0.868877 -0.766044 0.013095 0.010533 0.008463
-129.800 0.867841 -0.768283 0.013178 0.010601 0.008519
-129.600 0.866801 -0.770513 0.013263 0.010670 0.008576
-129.400 0.865757 -0.772734 0.013351 0.010743 0.008635
-129.200 0.864709 -0.774945 0.013435 0.010811 0.008691
-129.000 0.863658 -0.777146 0.013521 0.010882 0.008749
-128.800 0.862602 -0.779338 0.013610 0.010955 0.008808
-128.600 0.861543 -0.781520 0.013696 0.011026 0.008866
-128.400 0.860480 -0.783694 0.013787 0.011100 0.008927
-128.200 0.859413 -0.785857 0.013872 0.011170 0.008985
-128.000 0.858343 -0.788011 0.013963 0.011245 0.009046
-127.800 0.857268 -0.790155 0.014052 0.011318 0.009106
-127.600 0.856190 -0.792290 0.014141 0.011391 0.009166
-127.400 0.855109 -0.794415 0.014234 0.011467 0.009228
-127.200 0.854023 -0.796530 0.014324 0.011541 0.009289
-127.000 0.852934 -0.798636 0.014414 0.011615 0.009350
-126.800 0.851840 -0.800731 0.014509 0.011693 0.009414
-126.600 0.850744 -0.802818 0.014601 0.011769 0.009476
-126.400 0.849643 -0.804894 0.014693 0.011845 0.009538
-126.200 0.848539 -0.806960 0.014789 0.011924 0.009603
-126.000 0.847431 -0.809017 0.014881 0.011999 0.009665
-125.800 0.846319 -0.811064 0.014977 0.012078 0.009730
-125.600 0.845204 -0.813101 0.015073 0.012157 0.009795
-125.400 0.844084 -0.815128 0.015169 0.012236 0.009860
-125.200 0.842961 -0.817145 0.015266 0.012316 0.009926
-125.000 0.841835 -0.819152 0.015362 0.012396 0.009991
-124.800 0.840705 -0.821149 0.015458 0.012474 0.010056
-124.600 0.839571 -0.823136 0.015560 0.012558 0.010125
-124.400 0.838433 -0.825113 0.015658 0.012639 0.010192
-124.200 0.837292 -0.827081 0.015758 0.012722 0.010260
-124.000 0.836147 -0.829038 0.015857 0.012803 0.010327
-123.800 0.834999 -0.830984 0.015960 0.012888 0.010397
-123.600 0.833846 -0.832921 0.016060 0.012971 0.010464
-123.400 0.832691 -0.834848 0.016161 0.013055 0.010534
-123.200 0.831531 -0.836764 0.016264 0.013139 0.010603
-123.000 0.830368 -0.838671 0.016369 0.013226 0.010675
-122.800 0.829201 -0.840567 0.016471 0.013310 0.010745
-122.600 0.828031 -0.842452 0.016576 0.013397 0.010816
-122.400 0.826857 -0.844328 0.016683 0.013485 0.010889
-122.200 0.825680 -0.846193 0.016786 0.013571 0.010959
-122.000 0.824499 -0.848048 0.016895 0.013660 0.011033
-121.800 0.823314 -0.849893 0.017001 0.013748 0.011106
-121.600 0.822126 -0.851727 0.017110 0.013838 0.011180
-121.400 0.820934 -0.853551 0.017216 0.013926 0.011253
-121.200 0.819739 -0.855364 0.017329 0.014019 0.011330
-121.000 0.818540 -0.857167 0.017435 0.014107 0.011402
-120.800 0.817338 -0.858960 0.017547 0.014200 0.011479
-120.600 0.816132 -0.860742 0.017658 0.014292 0.011555
-120.400 0.814922 -0.862514 0.017770 0.014385 0.011632
-120.200 0.813709 -0.864275 0.017884 0.014479 0.011710
-120.000 0.812493 -0.866025 0.017996 0.014572 0.011787
-119.800 0.811273 -0.867765 0.018110 0.014667 0.011865
-119.600 0.810049 -0.869495 0.018226 0.014762 0.011945
-119.400 0.808822 -0.871214 0.018340 0.014858 0.012023
-119.200 0.807592 -0.872922 0.018457 0.014955 0.012104
-119.000 0.806358 -0.874620 0.018574 0.015052 0.012184
-118.800 0.805121 -0.876307 0.018692 0.015149 0.012265
-118.600 0.803880 -0.877983 0.018810 0.015247 0.012346
-118.400 0.802636 -0.879649 0.018930 0.015347 0.012429
-118.200 0.801388 -0.881303 0.019050 0.015447 0.012512
-118.000 0.800137 -0.882948 0.019170 0.015546 0.012594
-117.800 0.798882 -0.884581 0.019292 0.015648 0.012678
-117.600 0.797624 -0.886204 0.019415 0.015750 0.012764
-117.400 0.796363 -0.887815 0.019538 0.015853 0.012848
-117.200 0.795098 -0.889416 0.019662 0.015956 0.012934
-117.000 0.793830 -0.891007 0.019786 0.016059 0.013020
-116.800 0.792559 -0.892586 0.019913 0.016164 0.013107
-116.600 0.791284 -0.894154 0.020039 0.016270 0.013195
-116.400 0.790006 -0.895712 0.020164 0.016374 0.013281
-116.200 0.788725 -0.897258 0.020296 0.016483 0.013372
-116.000 0.787440 -0.898794 0.020423 0.016589 0.013460
-115.800 0.786152 -0.900319 0.020553 0.016697 0.013550
-115.600 0.784860 -0.901833 0.020684 0.016807 0.013642
-115.400 0.783566 -0.903335 0.020815 0.016916 0.013732
-115.200 0.782268 -0.904827 0.020949 0.017027 0.013825
-115.000 0.780966 -0.906308 0.021080 0.017137 0.013917
-114.800 0.779662 -0.907777 0.021215 0.017249 0.014010
-114.600 0.778354 -0.909236 0.021352 0.017364 0.014105
-114.400 0.777043 -0.910684 0.021487 0.017476 0.014199
-114.200 0.775729 -0.912120 0.021623 0.017590 0.014294
-114.000 0.774411 -0.913545 0.021761 0.017706 0.014390
-113.800 0.773090 -0.914960 0.021900 0.017822 0.014487
-113.600 0.771766 -0.916363 0.022039 0.017938 0.014584
-113.400 0.770439 -0.917755 0.022181 0.018056 0.014683
-113.200 0.769109 -0.919135 0.022323 0.018175 0.014782
-113.000 0.767775 -0.920505 0.022465 0.018294 0.014881
-112.800 0.766439 -0.921863 0.022608 0.018413 0.014981
-112.600 0.765099 -0.923210 0.022754 0.018535 0.015083
-112.400 0.763756 -0.924546 0.022898 0.018656 0.015184
-112.200 0.762410 -0.925871 0.023046 0.018780 0.015288
-112.000 0.761060 -0.927184 0.023192 0.018903 0.015390
-111.800 0.759708 -0.928486 0.023340 0.019026 0.015493
-111.600 0.758353 -0.929776 0.023492 0.019154 0.015600
-111.400 0.756994 -0.931056 0.023641 0.019279 0.015705
-111.200 0.755633 -0.932324 0.023794 0.019407 0.015812
-111.000 0.754268 -0.933580 0.023946 0.019534 0.015919
-110.800 0.752900 -0.934826 0.024099 0.019663 0.016026
-110.600 0.751529 -0.936060 0.024256 0.019794 0.016136
-110.400 0.750155 -0.937282 0.024411 0.019925 0.016245
-110.200 0.748779 -0.938493 0.024568 0.020057 0.016356
-110.000 0.747399 -0.939693 0.024727 0.020190 0.016468
-109.800 0.746016 -0.940881 0.024884 0.020322 0.016579
-109.600 0.744630 -0.942057 0.025047 0.020459 0.016693
-109.400 0.743241 -0.943223 0.025206 0.020593 0.016806
-109.200 0.741849 -0.944376 0.025371 0.020731 0.016922
-109.000 0.740455 -0.945519 0.025534 0.020868 0.017037
-108.800 0.739057 -0.946649 0.025698 0.021007 0.017153
-108.600 0.737656 -0.947768 0.025865 0.021147 0.017271
-108.400 0.736253 -0.948876 0.026032 0.021287 0.017389
-108.200 0.734846 -0.949972 0.026202 0.021430 0.017509
-108.000 0.733437 -0.951057 0.026371 0.021573 0.017629
-107.800 0.732025 -0.952129 0.026541 0.021716 0.017749
-107.600 0.730610 -0.953191 0.026714 0.021862 0.017872
-107.400 0.729192 -0.954240 0.026887 0.022008 0.017995
-107.200 0.727771 -0.955278 0.027062 0.022156 0.018119
-107.000 0.726348 -0.956305 0.027238 0.022304 0.018244
-106.800 0.724921 -0.957319 0.027414 0.022453 0.018369
-106.600 0.723492 -0.958323 0.027595 0.022605 0.018497
-106.400 0.722060 -0.959314 0.027773 0.022755 0.018624
-106.200 0.720625 -0.960294 0.027956 0.022910 0.018754
-106.000 0.719188 -0.961262 0.028137 0.023063 0.018883
-105.800 0.717748 -0.962218 0.028319 0.023216 0.019013
-105.600 0.716305 -0.963163 0.028507 0.023375 0.019147
-105.400 0.714859 -0.964095 0.028693 0.023533 0.019280
-105.200 0.713411 -0.965017 0.028880 0.023691 0.019413
-105.000 0.711960 -0.965926 0.029069 0.023851 0.019549
-104.800 0.710506 -0.966823 0.029258 0.024011 0.019684
-104.600 0.709049 -0.967709 0.029453 0.024176 0.019823
-104.400 0.707590 -0.968583 0.029645 0.024339 0.019960
-104.200 0.706129 -0.969445 0.029841 0.024504 0.020101
-104.000 0.704664 -0.970296 0.030035 0.024669 0.020239
-103.800 0.703197 -0.971134 0.030235 0.024839 0.020383
-103.600 0.701728 -0.971961 0.030434 0.025007 0.020525
-103.400 0.700256 -0.972776 0.030635 0.025177 0.020669
-103.200 0.698781 -0.973579 0.030838 0.025349 0.020815
-103.000 0.697304 -0.974370 0.031039 0.025520 0.020960
-102.800 0.695824 -0.975149 0.031246 0.025695 0.021108
-102.600 0.694342 -0.975917 0.031453 0.025871 0.021257
-102.400 0.692857 -0.976672 0.031660 0.026047 0.021407
-102.200 0.691370 -0.977416 0.031873 0.026228 0.021560
-102.000 0.689880 -0.978148 0.032081 0.026405 0.021710
-101.800 0.688388 -0.978867 0.032295 0.026587 0.021864
-101.600 0.686893 -0.979575 0.032513 0.026772 0.022021
-101.400 0.685396 -0.980271 0.032726 0.026954 0.022175
-101.200 0.683896 -0.980955 0.032946 0.027141 0.022334
-101.000 0.682394 -0.981627 0.033165 0.027327 0.022492
-100.800 0.680890 -0.982287 0.033385 0.027514 0.022652
-100.600 0.679384 -0.982935 0.033610 0.027706 0.022814
-100.400 0.677874 -0.983571 0.033834 0.027896 0.022976
-100.200 0.676363 -0.984196 0.034061 0.028090 0.023141
-100.000 0.674849 -0.984808 0.034288 0.028284 0.023306
-99.800 0.673333 -0.985408 0.034519 0.028481 0.023473
-99.600 0.671815 -0.985996 0.034753 0.028680 0.023643
-99.400 0.670294 -0.986572 0.034983 0.028876 0.023810
-99.200 0.668772 -0.987136 0.035221 0.029080 0.023983
-99.000 0.667247 -0.987688 0.035457 0.029281 0.024154
-98.800 0.665719 -0.988228 0.035696 0.029485 0.024329
-98.600 0.664190 -0.988756 0.035937 0.029691 0.024504
-98.400 0.662658 -0.989272 0.036181 0.029900 0.024682
-98.200 0.661124 -0.989776 0.036425 0.030108 0.024860
-98.000 0.659588 -0.990268 0.036670 0.030318 0.025039
-97.800 0.658050 -0.990748 0.036920 0.030532 0.025221
-97.600 0.656509 -0.991216 0.037171 0.030747 0.025405
-97.400 0.654967 -0.991671 0.037424 0.030963 0.025589
-97.200 0.653422 -0.992115 0.037680 0.031182 0.025776
-97.000 0.651876 -0.992546 0.037933 0.031399 0.025962
-96.800 0.650327 -0.992966 0.038193 0.031621 0.026152
-96.600 0.648776 -0.993373 0.038454 0.031845 0.026343
-96.400 0.647223 -0.993768 0.038717 0.032071 0.026537
-96.200 0.645669 -0.994151 0.038983 0.032299 0.026732
-96.000 0.644112 -0.994522 0.039248 0.032526 0.026926
-95.800 0.642553 -0.994881 0.039516 0.032756 0.027124
-95.600 0.640992 -0.995227 0.039791 0.032992 0.027325
-95.400 0.639430 -0.995562 0.040060 0.033223 0.027523
-95.200 0.637865 -0.995884 0.040340 0.033464 0.027729
-95.000 0.636299 -0.996195 0.040614 0.033699 0.027932
-94.800 0.634730 -0.996493 0.040896 0.033941 0.028139
-94.600 0.633160 -0.996779 0.041178 0.034184 0.028347
-94.400 0.631588 -0.997053 0.041463 0.034429 0.028557
-94.200 0.630014 -0.997315 0.041750 0.034676 0.028770
-94.000 0.628438 -0.997564 0.042039 0.034925 0.028983
-93.800 0.626860 -0.997801 0.042330 0.035175 0.029198
-93.600 0.625281 -0.998027 0.042624 0.035429 0.029417
-93.400 0.623700 -0.998240 0.042921 0.035684 0.029636
-93.200 0.622117 -0.998441 0.043221 0.035943 0.029859
-93.000 0.620532 -0.998630 0.043519 0.036200 0.030080
-92.800 0.618946 -0.998806 0.043825 0.036464 0.030306
-92.600 0.617358 -0.998971 0.044131 0.036728 0.030534
-92.400 0.615768 -0.999123 0.044440 0.036994 0.030763
-92.200 0.614177 -0.999263 0.044750 0.037262 0.030994
-92.000 0.612584 -0.999391 0.045063 0.037533 0.031227
-91.800 0.610990 -0.999507 0.045383 0.037809 0.031465
-91.600 0.609393 -0.999610 0.045701 0.038084 0.031702
-91.400 0.607796 -0.999701 0.046019 0.038359 0.031940
-91.200 0.606196 -0.999781 0.046350 0.038645 0.032186
-91.000 0.604596 -0.999848 0.046672 0.038924 0.032427
-90.800 0.602993 -0.999903 0.047003 0.039210 0.032674
-90.600 0.601389 -0.999945 0.047336 0.039498 0.032923
-90.400 0.599784 -0.999976 0.047672 0.039790 0.033175
-90.200 0.598177 -0.999994 0.048009 0.040082 0.033427
-90.000 0.596569 -1.000000 0.048351 0.040378 0.033683
-89.800 0.594959 -0.999994 0.048693 0.040675 0.033940
-89.600 0.593348 -0.999976 0.049042 0.040977 0.034202
-89.400 0.591736 -0.999945 0.049390 0.041279 0.034463
-89.200 0.590122 -0.999903 0.049747 0.041589 0.034731
-89.000 0.588507 -0.999848 0.050098 0.041893 0.034995
-88.800 0.586890 -0.999781 0.050455 0.042204 0.035264
-88.600 0.585272 -0.999701 0.050823 0.042524 0.035541
-88.400 0.583653 -0.999610 0.051185 0.042838 0.035813
-88.200 0.582033 -0.999507 0.051551 0.043157 0.036090
-88.000 0.580411 -0.999391 0.051927 0.043483 0.036373
-87.800 0.578788 -0.999263 0.052296 0.043805 0.036652
-87.600 0.577164 -0.999123 0.052676 0.044135 0.036939
-87.400 0.575539 -0.998971 0.053058 0.044468 0.037228
-87.200 0.573913 -0.998806 0.053441 0.044801 0.037518
-87.000 0.572285 -0.998630 0.053826 0.045137 0.037810
-86.800 0.570657 -0.998441 0.054220 0.045480 0.038108
-86.600 0.569027 -0.998240 0.054613 0.045823 0.038407
-86.400 0.567396 -0.998027 0.055011 0.046170 0.038708
-86.200 0.565764 -0.997801 0.055410 0.046519 0.039012
-86.000 0.564131 -0.997564 0.055815 0.046871 0.039319
-85.800 0.562497 -0.997314 0.056224 0.047229 0.039631
-85.600 0.560862 -0.997053 0.056635 0.047588 0.039944
-85.400 0.559226 -0.996779 0.057049 0.047950 0.040259
-85.200 0.557589 -0.996493 0.057472 0.048320 0.040581
-85.000 0.555952 -0.996195 0.057889 0.048685 0.040900
-84.800 0.554313 -0.995884 0.058316 0.049058 0.041225
-84.600 0.552673 -0.995562 0.058751 0.049438 0.041557
-84.400 0.551033 -0.995227 0.059179 0.049814 0.041886
-84.200 0.549392 -0.994881 0.059620 0.050200 0.042222
-84.000 0.547750 -0.994522 0.060058 0.050584 0.042558
-83.800 0.546107 -0.994151 0.060504 0.050975 0.042900
-83.600 0.544463 -0.993768 0.060957 0.051372 0.043247
-83.400 0.542818 -0.993373 0.061406 0.051765 0.043592
-83.200 0.541173 -0.992966 0.061865 0.052168 0.043944
-83.000 0.539527 -0.992546 0.062328 0.052575 0.044301
-82.800 0.537881 -0.992115 0.062788 0.052979 0.044654
-82.600 0.536233 -0.991671 0.063265 0.053398 0.045022
-82.400 0.534585 -0.991216 0.063733 0.053809 0.045382
-82.200 0.532937 -0.990748 0.064213 0.054232 0.045752
-82.000 0.531287 -0.990268 0.064697 0.054657 0.046125
-81.800 0.529638 -0.989776 0.065180 0.055082 0.046499
-81.600 0.527987 -0.989272 0.065672 0.055515 0.046879
-81.400 0.526336 -0.988756 0.066171 0.055955 0.047265
-81.200 0.524685 -0.988228 0.066670 0.056394 0.047651
-81.000 0.523033 -0.987688 0.067171 0.056836 0.048039
-80.800 0.521381 -0.987136 0.067682 0.057287 0.048436
-80.600 0.519728 -0.986572 0.068198 0.057741 0.048835
-80.400 0.518075 -0.985996 0.068711 0.058194 0.049234
-80.200 0.516421 -0.985408 0.069244 0.058664 0.049648
-80.000 0.514767 -0.984808 0.069764 0.059124 0.050053
-79.800 0.513113 -0.984196 0.070298 0.059596 0.050468
-79.600 0.511458 -0.983571 0.070836 0.060071 0.050887
-79.400 0.509803 -0.982935 0.071378 0.060550 0.051310
-79.200 0.508148 -0.982287 0.071930 0.061038 0.051740
-79.000 0.506492 -0.981627 0.072477 0.061523 0.052168
-78.800 0.504836 -0.980955 0.073035 0.062016 0.052604
-78.600 0.503180 -0.980271 0.073603 0.062520 0.053048
-78.400 0.501524 -0.979575 0.074167 0.063019 0.053489
-78.200 0.499868 -0.978867 0.074743 0.063530 0.053941
-78.000 0.498211 -0.978148 0.075320 0.064041 0.054393
-77.800 0.496554 -0.977416 0.075900 0.064556 0.054848
-77.600 0.494897 -0.976672 0.076496 0.065085 0.055316
-77.400 0.493241 -0.975917 0.077088 0.065610 0.055781
-77.200 0.491584 -0.975149 0.077690 0.066145 0.056255
-77.000 0.489927 -0.974370 0.078295 0.066682 0.056731
-76.800 0.488270 -0.973579 0.078906 0.067225 0.057212
-76.600 0.486613 -0.972776 0.079524 0.067775 0.057700
-76.400 0.484956 -0.971961 0.080150 0.068331 0.058193
-76.200 0.483299 -0.971134 0.080780 0.068892 0.058690
-76.000 0.481642 -0.970296 0.081412 0.069455 0.059190
-75.800 0.479985 -0.969445 0.082054 0.070027 0.059698
-75.600 0.478329 -0.968583 0.082700 0.070603 0.060210
-75.400 0.476673 -0.967709 0.083357 0.071188 0.060730
-75.200 0.475016 -0.966823 0.084013 0.071773 0.061251
-75.000 0.473360 -0.965926 0.084679 0.072368 0.061780
-74.800 0.471705 -0.965016 0.085353 0.072969 0.062315
-74.600 0.470049 -0.964095 0.086030 0.073574 0.062853
-74.400 0.468394 -0.963163 0.086714 0.074185 0.063398
-74.200 0.466739 -0.962218 0.087412 0.074808 0.063953
-74.000 0.465084 -0.961262 0.088104 0.075427 0.064505
-73.800 0.463430 -0.960294 0.088812 0.076060 0.065069
-73.600 0.461776 -0.959314 0.089528 0.076701 0.065641
-73.400 0.460123 -0.958323 0.090237 0.077336 0.066208
-73.200 0.458470 -0.957319 0.090975 0.077996 0.066797
-73.000 0.456817 -0.956305 0.091694 0.078641 0.067374
-72.800 0.455165 -0.955278 0.092438 0.079308 0.067970
-72.600 0.453513 -0.954240 0.093191 0.079983 0.068573
-72.400 0.451862 -0.953191 0.093938 0.080654 0.069174
-72.200 0.450211 -0.952129 0.094703 0.081340 0.069788
-72.000 0.448561 -0.951056 0.095471 0.082030 0.070405
-71.800 0.446912 -0.949972 0.096248 0.082728 0.071030
-71.600 0.445263 -0.948876 0.097033 0.083434 0.071663
-71.400 0.443615 -0.947768 0.097820 0.084141 0.072297
-71.200 0.441968 -0.946649 0.098621 0.084862 0.072944
-71.000 0.440321 -0.945519 0.099429 0.085589 0.073596
-70.800 0.438675 -0.944376 0.100243 0.086322 0.074254
-70.600 0.437029 -0.943223 0.101066 0.087063 0.074920
-70.400 0.435385 -0.942057 0.101900 0.087814 0.075595
-70.200 0.433741 -0.940881 0.102740 0.088572 0.076275
-70.000 0.432098 -0.939693 0.103580 0.089330 0.076958
-69.800 0.430456 -0.938493 0.104443 0.090109 0.077658
-69.600 0.428815 -0.937282 0.105304 0.090886 0.078358
-69.400 0.427175 -0.936060 0.106181 0.091678 0.079071
-69.200 0.425535 -0.934826 0.107058 0.092471 0.079786
-69.000 0.423897 -0.933580 0.107946 0.093274 0.080509
-68.800 0.422259 -0.932324 0.108855 0.094095 0.081250
-68.600 0.420623 -0.931056 0.109754 0.094910 0.081985
-68.400 0.418987 -0.929776 0.110671 0.095740 0.082734
-68.200 0.417353 -0.928486 0.111609 0.096588 0.083500
-68.000 0.415719 -0.927184 0.112534 0.097427 0.084258
-67.800 0.414087 -0.925871 0.113480 0.098285 0.085033
-67.600 0.412456 -0.924546 0.114438 0.099154 0.085818
-67.400 0.410826 -0.923210 0.115400 0.100027 0.086608
-67.200 0.409197 -0.921863 0.116381 0.100917 0.087414
-67.000 0.407569 -0.920505 0.117354 0.101801 0.088215
-66.800 0.405943 -0.919135 0.118347 0.102704 0.089033
-66.600 0.404318 -0.917755 0.119361 0.103626 0.089868
-66.400 0.402694 -0.916363 0.120364 0.104538 0.090696
-66.200 0.401071 -0.914960 0.121396 0.105477 0.091547
-66.000 0.399450 -0.913545 0.122429 0.106417 0.092400
-65.800 0.397830 -0.912120 0.123468 0.107364 0.093260
-65.600 0.396212 -0.910684 0.124528 0.108330 0.094137
-65.400 0.394594 -0.909236 0.125597 0.109304 0.095023
-65.200 0.392979 -0.907777 0.126672 0.110286 0.095915
-65.000 0.391364 -0.906308 0.127759 0.111278 0.096818
-64.800 0.389752 -0.904827 0.128857 0.112280 0.097730
-64.600 0.388140 -0.903335 0.129971 0.113297 0.098656
-64.400 0.386531 -0.901833 0.131091 0.114322 0.099590
-64.200 0.384922 -0.900319 0.132224 0.115357 0.100534
-64.000 0.383316 -0.898794 0.133368 0.116404 0.101488
-63.800 0.381711 -0.897258 0.134526 0.117464 0.102455
-63.600 0.380107 -0.895712 0.135698 0.118537 0.103435
-63.400 0.378506 -0.894154 0.136872 0.119613 0.104418
-63.200 0.376905 -0.892586 0.138068 0.120710 0.105420
-63.000 0.375307 -0.891007 0.139275 0.121816 0.106432
-62.800 0.373710 -0.889416 0.140493 0.122934 0.107453
-62.600 0.372116 -0.887815 0.141721 0.124061 0.108485
-62.400 0.370523 -0.886204 0.142961 0.125201 0.109529
-62.200 0.368931 -0.884581 0.144222 0.126359 0.110589
-62.000 0.367342 -0.882948 0.145491 0.127525 0.111658
-61.800 0.365754 -0.881303 0.146775 0.128707 0.112742
-61.600 0.364169 -0.879649 0.148067 0.129896 0.113832
-61.400 0.362585 -0.877983 0.149374 0.131100 0.114937
-61.200 0.361003 -0.876307 0.150699 0.132321 0.116059
-61.000 0.359423 -0.874620 0.152037 0.133553 0.117191
-60.800 0.357845 -0.872922 0.153388 0.134800 0.118337
-60.600 0.356269 -0.871214 0.154749 0.136055 0.119492
-60.400 0.354696 -0.869495 0.156126 0.137327 0.120662
-60.200 0.353124 -0.867765 0.157523 0.138617 0.121849
-60.000 0.351554 -0.866025 0.158930 0.139917 0.123047
-59.800 0.349987 -0.864275 0.160357 0.141236 0.124263
-59.600 0.348421 -0.862514 0.161786 0.142559 0.125482
-59.400 0.346858 -0.860742 0.163245 0.143910 0.126728
-59.200 0.345297 -0.858960 0.164713 0.145269 0.127983
-59.000 0.343738 -0.857167 0.166191 0.146638 0.129248
-58.800 0.342182 -0.855364 0.167692 0.148030 0.130533
-58.600 0.340627 -0.853551 0.169212 0.149440 0.131836
-58.400 0.339075 -0.851727 0.170740 0.150858 0.133149
-58.200 0.337526 -0.849893 0.172282 0.152290 0.134474
-58.000 0.335978 -0.848048 0.173851 0.153748 0.135823
-57.800 0.334433 -0.846193 0.175432 0.155217 0.137184
-57.600 0.332891 -0.844328 0.177032 0.156705 0.138563
-57.400 0.331351 -0.842452 0.178632 0.158195 0.139945
-57.200 0.329813 -0.840567 0.180278 0.159727 0.141366
-57.000 0.328278 -0.838671 0.181918 0.161255 0.142785
-56.800 0.326745 -0.836764 0.183588 0.162811 0.144231
-56.600 0.325215 -0.834848 0.185270 0.164380 0.145688
-56.400 0.323688 -0.832921 0.186967 0.165963 0.147161
-56.200 0.322163 -0.830984 0.188691 0.167572 0.148658
-56.000 0.320640 -0.829038 0.190430 0.169197 0.150170
-55.800 0.319120 -0.827081 0.192185 0.170838 0.151698
-55.600 0.317603 -0.825113 0.193959 0.172497 0.153244
-55.400 0.316089 -0.823136 0.195749 0.174171 0.154806
-55.200 0.314577 -0.821149 0.197571 0.175877 0.156396
-55.000 0.313068 -0.819152 0.199399 0.177590 0.157996
-54.800 0.311562 -0.817145 0.201251 0.179325 0.159616
-54.600 0.310058 -0.815128 0.203125 0.181083 0.161259
-54.400 0.308558 -0.813101 0.205010 0.182852 0.162913
-54.200 0.307060 -0.811064 0.206929 0.184653 0.164597
-54.000 0.305565 -0.809017 0.208865 0.186471 0.166299
-53.800 0.304073 -0.806960 0.210815 0.188304 0.168016
-53.600 0.302584 -0.804894 0.212786 0.190158 0.169753
-53.400 0.301098 -0.802817 0.214778 0.192032 0.171511
-53.200 0.299614 -0.800731 0.216802 0.193938 0.173298
-53.000 0.298134 -0.798635 0.218837 0.195855 0.175098
-52.800 0.296657 -0.796530 0.220902 0.197801 0.176926
-52.600 0.295183 -0.794415 0.222978 0.199759 0.178766
-52.400 0.293712 -0.792290 0.225087 0.201749 0.180637
-52.200 0.292244 -0.790155 0.227219 0.203762 0.182531
-52.000 0.290779 -0.788011 0.229359 0.205784 0.184435
-51.800 0.289317 -0.785857 0.231541 0.207847 0.186377
-51.600 0.287858 -0.783693 0.233731 0.209919 0.188330
-51.400 0.286403 -0.781520 0.235956 0.212025 0.190315
-51.200 0.284951 -0.779338 0.238194 0.214144 0.192315
-51.000 0.283501 -0.777146 0.240467 0.216298 0.194349
-50.800 0.282056 -0.774944 0.242761 0.218473 0.196403
-50.600 0.280613 -0.772734 0.245076 0.220669 0.198479
-50.400 0.279174 -0.770513 0.247411 0.222886 0.200576
-50.200 0.277738 -0.768284 0.249784 0.225139 0.202708
-50.000 0.276306 -0.766044 0.252178 0.227414 0.204862
-49.800 0.274877 -0.763796 0.254593 0.229712 0.207039
-49.600 0.273451 -0.761538 0.257035 0.232035 0.209242
-49.400 0.272029 -0.759271 0.259507 0.234389 0.211474
-49.200 0.270610 -0.756995 0.262005 0.236769 0.213733
-49.000 0.269195 -0.754710 0.264522 0.239168 0.216012
-48.800 0.267783 -0.752415 0.267078 0.241606 0.218329
-48.600 0.266375 -0.750111 0.269658 0.244069 0.220670
-48.400 0.264971 -0.747798 0.272251 0.246545 0.223027
-48.200 0.263569 -0.745476 0.274886 0.249063 0.225424
-48.000 0.262172 -0.743145 0.277553 0.251614 0.227854
-47.800 0.260778 -0.740805 0.280240 0.254184 0.230304
-47.600 0.259388 -0.738455 0.282964 0.256793 0.232792
-47.400 0.258002 -0.736097 0.285688 0.259404 0.235284
-47.200 0.256619 -0.733730 0.288486 0.262085 0.237844
-47.000 0.255240 -0.731354 0.291278 0.264763 0.240404
-46.800 0.253864 -0.728969 0.294115 0.267486 0.243007
-46.600 0.252493 -0.726575 0.296981 0.270240 0.245642
-46.400 0.251125 -0.724172 0.299879 0.273024 0.248307
-46.200 0.249761 -0.721760 0.302801 0.275834 0.251000
-46.000 0.248401 -0.719340 0.305753 0.278676 0.253724
-45.800 0.247045 -0.716911 0.308748 0.281559 0.256489
-45.600 0.245693 -0.714473 0.311763 0.284465 0.259278
-45.400 0.244345 -0.712026 0.314804 0.287397 0.262095
-45.200 0.243000 -0.709571 0.317893 0.290378 0.264959
-45.000 0.241660 -0.707107 0.321015 0.293391 0.267856
-44.800 0.240323 -0.704634 0.324157 0.296427 0.270778
-44.600 0.238991 -0.702153 0.327344 0.299508 0.273744
-44.400 0.237663 -0.699663 0.330527 0.302589 0.276714
-44.200 0.236338 -0.697165 0.333798 0.305754 0.279764
-44.000 0.235018 -0.694658 0.337078 0.308931 0.282830
-43.800 0.233702 -0.692143 0.340386 0.312137 0.285926
-43.600 0.232390 -0.689620 0.343733 0.315384 0.289062
-43.400 0.231082 -0.687088 0.347108 0.318660 0.292230
-43.200 0.229778 -0.684547 0.350544 0.321996 0.295456
-43.000 0.228479 -0.681998 0.353974 0.325332 0.298685
-42.800 0.227184 -0.679441 0.357480 0.328740 0.301986
-42.600 0.225893 -0.676876 0.360993 0.332160 0.305301
-42.400 0.224606 -0.674302 0.364542 0.335617 0.308655
-42.200 0.223324 -0.671721 0.368146 0.339129 0.312063
-42.000 0.222046 -0.669131 0.371773 0.342666 0.315499
-41.800 0.220772 -0.666532 0.375443 0.346248 0.318980
-41.600 0.219503 -0.663926 0.379134 0.349854 0.322487
-41.400 0.218238 -0.661312 0.382876 0.353511 0.326047
-41.200 0.216977 -0.658689 0.386670 0.357220 0.329659
-41.000 0.215721 -0.656059 0.390471 0.360941 0.333285
-40.800 0.214469 -0.653421 0.394324 0.364714 0.336965
-40.600 0.213222 -0.650774 0.398222 0.368534 0.340693
-40.400 0.211979 -0.648120 0.402141 0.372378 0.344448
-40.200 0.210741 -0.645458 0.406097 0.376262 0.348244
-40.000 0.209508 -0.642788 0.410116 0.380208 0.352103
-39.800 0.208279 -0.640110 0.414164 0.384187 0.355997
-39.600 0.207054 -0.637424 0.418251 0.388207 0.359933
-39.400 0.205834 -0.634731 0.422342 0.392235 0.363883
-39.200 0.204619 -0.632029 0.426517 0.396347 0.367916
-39.000 0.203408 -0.629320 0.430723 0.400493 0.371984
-38.800 0.202202 -0.626604 0.434958 0.404671 0.376088
-38.600 0.201001 -0.623880 0.439232 0.408890 0.380236
-38.400 0.199805 -0.621148 0.443544 0.413151 0.384427
-38.200 0.198613 -0.618408 0.447913 0.417470 0.388678
-38.000 0.197426 -0.615661 0.452312 0.421823 0.392966
-37.800 0.196244 -0.612907 0.456745 0.426213 0.397294
-37.600 0.195066 -0.610145 0.461217 0.430644 0.401666
-37.400 0.193894 -0.607376 0.465732 0.435122 0.406087
-37.200 0.192726 -0.604599 0.470291 0.439647 0.410558
-37.000 0.191563 -0.601815 0.474904 0.444228 0.415086
-36.800 0.190405 -0.599024 0.479531 0.448827 0.419639
-36.600 0.189252 -0.596225 0.484206 0.453479 0.424245
-36.400 0.188104 -0.593419 0.488915 0.458167 0.428892
-36.200 0.186961 -0.590606 0.493689 0.462922 0.433607
-36.000 0.185823 -0.587785 0.498485 0.467705 0.438354
-35.800 0.184689 -0.584958 0.503331 0.472541 0.443157
-35.600 0.183561 -0.582123 0.508182 0.477387 0.447976
-35.400 0.182438 -0.579281 0.513120 0.482322 0.452885
-35.200 0.181320 -0.576432 0.518086 0.487289 0.457830
-35.000 0.180207 -0.573576 0.523067 0.492276 0.462800
-34.800 0.179099 -0.570714 0.528114 0.497332 0.467842
-34.600 0.177996 -0.567844 0.533186 0.502419 0.472919
-34.400 0.176899 -0.564967 0.538307 0.507558 0.478052
-34.200 0.175806 -0.562083 0.543441 0.512716 0.483209
-34.000 0.174719 -0.559193 0.548666 0.517966 0.488459
-33.800 0.173637 -0.556296 0.553871 0.523205 0.493706
-33.600 0.172560 -0.553392 0.559155 0.528526 0.499037
-33.400 0.171488 -0.550481 0.564450 0.533862 0.504389
-33.200 0.170422 -0.547563 0.569804 0.539262 0.509809
-33.000 0.169360 -0.544639 0.575180 0.544690 0.515262
-32.800 0.168305 -0.541708 0.580596 0.550162 0.520764
-32.600 0.167254 -0.538771 0.586044 0.555673 0.526310
-32.400 0.166209 -0.535827 0.591532 0.561228 0.531904
-32.200 0.165169 -0.532876 0.597066 0.566834 0.537554
-32.000 0.164134 -0.529919 0.602610 0.572457 0.543228
-31.800 0.163105 -0.526956 0.608213 0.578142 0.548968
-31.600 0.162082 -0.523986 0.613824 0.583843 0.554730
-31.400 0.161063 -0.521010 0.619485 0.589599 0.560552
-31.200 0.160051 -0.518027 0.625175 0.595390 0.566414
-31.000 0.159043 -0.515038 0.630892 0.601213 0.572316
-30.800 0.158041 -0.512043 0.636642 0.607077 0.578263
-30.600 0.157045 -0.509041 0.642418 0.612972 0.584247
-30.400 0.156054 -0.506034 0.648226 0.618905 0.590276
-30.200 0.155069 -0.503020 0.654041 0.624853 0.596325
-30.000 0.154089 -0.500000 0.659927 0.630875 0.602455
-29.800 0.153115 -0.496974 0.665792 0.636886 0.608581
-29.600 0.152146 -0.493942 0.671702 0.642947 0.614762
-29.400 0.151183 -0.490904 0.677613 0.649017 0.620960
-29.200 0.150226 -0.487860 0.683601 0.655168 0.627243
-29.000 0.149274 -0.484810 0.689553 0.661292 0.633509
-28.800 0.148328 -0.481754 0.695553 0.667471 0.639835
-28.600 0.147388 -0.478692 0.701539 0.673644 0.646162
-28.400 0.146453 -0.475624 0.707582 0.679878 0.652557
-28.200 0.145524 -0.472551 0.713615 0.686111 0.658959
-28.000 0.144601 -0.469472 0.719684 0.692387 0.665410
-27.800 0.143684 -0.466387 0.725730 0.698648 0.671855
-27.600 0.142772 -0.463296 0.731808 0.704948 0.678345
-27.400 0.141866 -0.460200 0.737909 0.711278 0.684871
-27.200 0.140966 -0.457098 0.743969 0.717576 0.691375
-27.000 0.140072 -0.453990 0.750067 0.723918 0.697930
-26.800 0.139183 -0.450878 0.756160 0.730263 0.704496
-26.600 0.138301 -0.447759 0.762257 0.736620 0.711080
-26.400 0.137424 -0.444635 0.768345 0.742976 0.717672
-26.200 0.136553 -0.441506 0.774443 0.749349 0.724288
-26.000 0.135688 -0.438371 0.780506 0.755695 0.730886
-25.800 0.134829 -0.435231 0.786595 0.762075 0.737525
-25.600 0.133976 -0.432086 0.792643 0.768422 0.744141
-25.400 0.133129 -0.428935 0.798704 0.774789 0.750782
-25.200 0.132288 -0.425779 0.804692 0.781093 0.757372
-25.000 0.131452 -0.422618 0.810759 0.787481 0.764049
-24.800 0.130623 -0.419452 0.816712 0.793765 0.770634
-24.600 0.129800 -0.416281 0.822679 0.800070 0.777247
-24.400 0.128983 -0.413104 0.828608 0.806346 0.783839
-24.200 0.128172 -0.409923 0.834496 0.812589 0.790406
-24.000 0.127366 -0.406737 0.840417 0.818870 0.797018
-23.800 0.126567 -0.403545 0.846201 0.825025 0.803515
-23.600 0.125774 -0.400349 0.852025 0.831225 0.810063
-23.400 0.124988 -0.397148 0.857754 0.837341 0.816535
-23.200 0.124207 -0.393942 0.863424 0.843405 0.822964
-23.000 0.123432 -0.390731 0.869113 0.849493 0.829424
-22.800 0.122664 -0.387516 0.874667 0.855456 0.835769
-22.600 0.121902 -0.384295 0.880219 0.861424 0.842125
-22.400 0.121145 -0.381070 0.885727 0.867354 0.848450
-22.200 0.120396 -0.377841 0.891068 0.873127 0.854628
-22.000 0.119652 -0.374607 0.896427 0.878923 0.860835
-21.800 0.118914 -0.371368 0.901654 0.884595 0.866927
-21.600 0.118183 -0.368125 0.906863 0.890255 0.873013
-21.400 0.117458 -0.364877 0.911975 0.895826 0.879017
-21.200 0.116739 -0.361625 0.916923 0.901239 0.884873
-21.000 0.116027 -0.358368 0.921872 0.906660 0.890740
-20.800 0.115320 -0.355107 0.926646 0.911912 0.896448
-20.600 0.114621 -0.351842 0.931382 0.917132 0.902129
-20.400 0.113927 -0.348572 0.935963 0.922203 0.907669
-20.200 0.113240 -0.345298 0.940481 0.927217 0.913158
-20.000 0.112559 -0.342020 0.944834 0.932071 0.918493
-19.800 0.111884 -0.338738 0.949080 0.936824 0.923732
-19.600 0.111216 -0.335452 0.953199 0.941454 0.928855
-19.400 0.110554 -0.332161 0.957184 0.945956 0.933855
-19.200 0.109898 -0.328867 0.961031 0.950324 0.938726
-19.000 0.109249 -0.325568 0.964788 0.954606 0.943516
-18.800 0.108607 -0.322266 0.968249 0.958597 0.948021
-18.600 0.107970 -0.318959 0.971682 0.962562 0.952503
-18.400 0.107340 -0.315649 0.974935 0.966351 0.956813
-18.200 0.106717 -0.312335 0.977982 0.969937 0.960925
-18.000 0.106100 -0.309017 0.980894 0.973390 0.964906
-17.800 0.105490 -0.305695 0.983606 0.976646 0.968694
-17.600 0.104886 -0.302370 0.986132 0.979718 0.972300
-17.400 0.104288 -0.299041 0.988444 0.982578 0.975697
-17.200 0.103697 -0.295708 0.990577 0.985259 0.978917
-17.000 0.103112 -0.292372 0.992608 0.987839 0.982037
-16.800 0.102535 -0.289032 0.994241 0.990022 0.984762
-16.600 0.101963 -0.285688 0.995780 0.992111 0.987393
-16.400 0.101398 -0.282341 0.997063 0.993943 0.989768
-16.200 0.100840 -0.278991 0.998148 0.995575 0.991943
-16.000 0.100288 -0.275637 0.998939 0.996913 0.993823
-15.800 0.099743 -0.272280 0.999542 0.998060 0.995510
-15.600 0.099204 -0.268920 0.999860 0.998920 0.996909
-15.400 0.098672 -0.265556 1.000000 0.999600 0.998126
-15.200 0.098147 -0.262189 0.999785 0.999920 0.998981
-15.000 0.097628 -0.258819 0.999333 1.000000 0.999592
-14.800 0.097116 -0.255446 0.998664 0.999858 0.999978
-14.600 0.096611 -0.252069 0.997639 0.999356 1.000000
-14.400 0.096112 -0.248690 0.996361 0.998594 0.999757
-14.200 0.095619 -0.245307 0.994786 0.997530 0.999207
-14.000 0.095134 -0.241922 0.992946 0.996194 0.998379
-13.800 0.094655 -0.238533 0.990785 0.994530 0.997216
-13.600 0.094183 -0.235142 0.988283 0.992517 0.995698
-13.400 0.093717 -0.231748 0.985485 0.990200 0.993869
-13.200 0.093259 -0.228351 0.982413 0.987600 0.991748
-13.000 0.092807 -0.224951 0.978942 0.984592 0.989210
-12.800 0.092361 -0.221548 0.975172 0.981274 0.986353
-12.600 0.091923 -0.218143 0.971098 0.977643 0.983173
-12.400 0.091491 -0.214735 0.966690 0.973665 0.979637
-12.200 0.091065 -0.211325 0.961871 0.969266 0.975668
-12.000 0.090647 -0.207912 0.956734 0.964536 0.971356
-11.800 0.090235 -0.204496 0.951232 0.959428 0.966655
-11.600 0.089831 -0.201078 0.945403 0.953980 0.961601
-11.400 0.089432 -0.197657 0.939113 0.948057 0.956058
-11.200 0.089041 -0.194234 0.932634 0.941931 0.950299
-11.000 0.088657 -0.190809 0.925597 0.935231 0.943951
-10.800 0.088279 -0.187381 0.918305 0.928263 0.937321
-10.600 0.087908 -0.183951 0.910640 0.920905 0.930286
-10.400 0.087544 -0.180519 0.902507 0.913062 0.922748
-10.200 0.087187 -0.177085 0.894022 0.904851 0.914827
-10.000 0.086836 -0.173648 0.885216 0.896301 0.906551
-9.800 0.086492 -0.170209 0.875978 0.887302 0.897807
-9.600 0.086156 -0.166769 0.866305 0.877849 0.888592
-9.400 0.085826 -0.163326 0.856337 0.868084 0.879048
-9.200 0.085503 -0.159881 0.845899 0.857830 0.868994
-9.000 0.085186 -0.156434 0.835167 0.847263 0.858610
-8.800 0.084877 -0.152986 0.823880 0.836119 0.847629
-8.600 0.084574 -0.149535 0.812314 0.824679 0.836332
-8.400 0.084279 -0.146083 0.800405 0.812877 0.824655
-8.200 0.083990 -0.142629 0.788006 0.800562 0.812443
-8.000 0.083708 -0.139173 0.775182 0.787800 0.799764
-7.800 0.083433 -0.135716 0.762153 0.774817 0.786846
-7.600 0.083165 -0.132256 0.748516 0.761201 0.773270
-7.400 0.082904 -0.128796 0.734663 0.747352 0.759442
-7.200 0.082649 -0.125333 0.720394 0.733063 0.745154
-7.000 0.082402 -0.121869 0.705656 0.718285 0.730354
-6.800 0.082162 -0.118404 0.690699 0.703268 0.715296
-6.600 0.081928 -0.114937 0.675175 0.687659 0.699622
-6.400 0.081701 -0.111469 0.659529 0.671913 0.683794
-6.200 0.081482 -0.107999 0.643287 0.655545 0.667319
-6.000 0.081269 -0.104528 0.626937 0.639053 0.650704
-5.800 0.081063 -0.101056 0.610017 0.621967 0.633469
-5.600 0.080864 -0.097583 0.592803 0.604566 0.615900
-5.400 0.080672 -0.094108 0.575319 0.586877 0.598024
-5.200 0.080487 -0.090633 0.557519 0.568852 0.579792
-5.000 0.080309 -0.087156 0.539336 0.550424 0.561136
-4.800 0.080138 -0.083678 0.520833 0.531656 0.542120
-4.600 0.079974 -0.080199 0.502129 0.512670 0.522870
-4.400 0.079817 -0.076719 0.482934 0.493171 0.503085
-4.200 0.079667 -0.073238 0.463669 0.473589 0.483202
-4.000 0.079524 -0.069756 0.444101 0.453686 0.462980
-3.800 0.079387 -0.066274 0.424104 0.433334 0.442288
-3.600 0.079258 -0.062791 0.403974 0.412834 0.421436
-3.400 0.079136 -0.059306 0.383588 0.392063 0.400296
-3.200 0.079020 -0.055822 0.362918 0.370992 0.378839
-3.000 0.078912 -0.052336 0.342110 0.349771 0.357220
-2.800 0.078811 -0.048850 0.321060 0.328293 0.335329
-2.600 0.078716 -0.045363 0.299798 0.306591 0.313200
-2.400 0.078629 -0.041876 0.278415 0.284756 0.290928
-2.200 0.078548 -0.038388 0.256689 0.262563 0.268283
-2.000 0.078475 -0.034899 0.234943 0.240343 0.245603
-1.800 0.078408 -0.031411 0.212957 0.217871 0.222659
-1.600 0.078349 -0.027922 0.191018 0.195441 0.199752
-1.400 0.078297 -0.024432 0.168785 0.172706 0.176528
-1.200 0.078251 -0.020942 0.146429 0.149840 0.153166
-1.000 0.078213 -0.017452 0.124181 0.127080 0.129908
-0.800 0.078181 -0.013962 0.101658 0.104037 0.106356
-0.600 0.078157 -0.010472 0.079074 0.080926 0.082734
-0.400 0.078139 -0.006981 0.056558 0.057885 0.059179
-0.200 0.078129 -0.003491 0.033989 0.034787 0.035565
0.000 0.078125 0.000000 0.011299 0.011564 0.011823
0.200 0.078129 0.003491 -0.011299 -0.011564 -0.011823
0.400 0.078139 0.006981 -0.033989 -0.034787 -0.035565
0.600 0.078157 0.010472 -0.056558 -0.057885 -0.059179
0.800 0.078181 0.013962 -0.079074 -0.080926 -0.082734
1.000 0.078213 0.017452 -0.101658 -0.104037 -0.106356
1.200 0.078251 0.020942 -0.124181 -0.127080 -0.129908
1.400 0.078297 0.024432 -0.146429 -0.149840 -0.153166
1.600 0.078349 0.027922 -0.168785 -0.172706 -0.176528
1.800 0.078408 0.031411 -0.191018 -0.195441 -0.199752
2.000 0.078475 0.034899 -0.212957 -0.217871 -0.222659
2.200 0.078548 0.038388 -0.234943 -0.240343 -0.245603
2.400 0.078629 0.041876 -0.256689 -0.262563 -0.268283
2.600 0.078716 0.045363 -0.278415 -0.284756 -0.290928
2.800 0.078811 0.048850 -0.299798 -0.306591 -0.313200
3.000 0.078912 0.052336 -0.321060 -0.328293 -0.335329
3.200 0.079020 0.055822 -0.342110 -0.349771 -0.357220
3.400 0.079136 0.059306 -0.362918 -0.370992 -0.378839
3.600 0.079258 0.062791 -0.383588 -0.392063 -0.400296
3.800 0.079387 0.066274 -0.403974 -0.412834 -0.421436
4.000 0.079524 0.069756 -0.424104 -0.433334 -0.442288
4.200 0.079667 0.073238 -0.444101 -0.453686 -0.462980
4.400 0.079817 0.076719 -0.463669 -0.473589 -0.483202
4.600 0.079974 0.080199 -0.482934 -0.493171 -0.503085
4.800 0.080138 0.083678 -0.502129 -0.512670 -0.522870
5.000 0.080309 0.087156 -0.520833 -0.531656 -0.542120
5.200 0.080487 0.090633 -0.539336 -0.550424 -0.561136
5.400 0.080672 0.094108 -0.557519 -0.568852 -0.579792
5.600 0.080864 0.097583 -0.575319 -0.586877 -0.598024
5.800 0.081063 0.101056 -0.592803 -0.604566 -0.615900
6.000 0.081269 0.104528 -0.610017 -0.621967 -0.633469
6.200 0.081482 0.107999 -0.626937 -0.639053 -0.650704
6.400 0.081701 0.111469 -0.643287 -0.655545 -0.667319
6.600 0.081928 0.114937 -0.659529 -0.671913 -0.683794
6.800 0.082162 0.118404 -0.675175 -0.687659 -0.699622
7.000 0.082402 0.121869 -0.690699 -0.703268 -0.715296
7.200 0.082649 0.125333 -0.705656 -0.718285 -0.730354
7.400 0.082904 0.128796 -0.720394 -0.733063 -0.745154
7.600 0.083165 0.132256 -0.734663 -0.747352 -0.759442
7.800 0.083433 0.135716 -0.748516 -0.761201 -0.773270
8.000 0.083708 0.139173 -0.762153 -0.774817 -0.786846
8.200 0.083990 0.142629 -0.775182 -0.787800 -0.799764
8.400 0.084279 0.146083 -0.788006 -0.800562 -0.812443
8.600 0.084574 0.149535 -0.800405 -0.812877 -0.824655
8.800 0.084877 0.152986 -0.812314 -0.824679 -0.836332
9.000 0.085186 0.156434 -0.823880 -0.836119 -0.847629
9.200 0.085503 0.159881 -0.835167 -0.847263 -0.858610
9.400 0.085826 0.163326 -0.845899 -0.857830 -0.868994
9.600 0.086156 0.166769 -0.856337 -0.868084 -0.879048
9.800 0.086492 0.170209 -0.866305 -0.877849 -0.888592
10.000 0.086836 0.173648 -0.875978 -0.887302 -0.897807
10.200 0.087187 0.177085 -0.885216 -0.896301 -0.906551
10.400 0.087544 0.180519 -0.894022 -0.904851 -0.914827
10.600 0.087908 0.183951 -0.902507 -0.913062 -0.922748
10.800 0.088279 0.187381 -0.910640 -0.920905 -0.930286
11.000 0.088657 0.190809 -0.918305 -0.928263 -0.937321
11.200 0.089041 0.194234 -0.925597 -0.935231 -0.943951
11.400 0.089432 0.197657 -0.932634 -0.941931 -0.950299
11.600 0.089831 0.201078 -0.939113 -0.948057 -0.956058
11.800 0.090235 0.204496 -0.945403 -0.953980 -0.961601
12.000 0.090647 0.207912 -0.951232 -0.959428 -0.966655
12.200 0.091065 0.211325 -0.956734 -0.964536 -0.971356
12.400 0.091491 0.214735 -0.961871 -0.969266 -0.975668
12.600 0.091923 0.218143 -0.966690 -0.973665 -0.979637
12.800 0.092361 0.221548 -0.971098 -0.977643 -0.983173
13.000 0.092807 0.224951 -0.975172 -0.981274 -0.986353
13.200 0.093259 0.228351 -0.978942 -0.984592 -0.989210
13.400 0.093717 0.231748 -0.982413 -0.987600 -0.991748
13.600 0.094183 0.235142 -0.985485 -0.990200 -0.993869
13.800 0.094655 0.238533 -0.988283 -0.992517 -0.995698
14.000 0.095134 0.241922 -0.990785 -0.994530 -0.997216
14.200 0.095619 0.245307 -0.992946 -0.996194 -0.998379
14.400 0.096112 0.248690 -0.994786 -0.997530 -0.999207
14.600 0.096611 0.252069 -0.996361 -0.998594 -0.999757
14.800 0.097116 0.255446 -0.997639 -0.999356 -1.000000
15.000 0.097628 0.258819 -0.998664 -0.999858 -0.999978
15.200 0.098147 0.262189 -0.999333 -1.000000 -0.999592
15.400 0.098672 0.265556 -0.999785 -0.999920 -0.998981
15.600 0.099204 0.268920 -1.000000 -0.999600 -0.998126
15.800 0.099743 0.272280 -0.999860 -0.998920 -0.996909
16.000 0.100288 0.275637 -0.999542 -0.998060 -0.995510
16.200 0.100840 0.278991 -0.998939 -0.996913 -0.993823
16.400 0.101398 0.282341 -0.998148 -0.995575 -0.991943
16.600 0.101963 0.285688 -0.997063 -0.993943 -0.989768
16.800 0.102535 0.289032 -0.995780 -0.992111 -0.987393
17.000 0.103112 0.292372 -0.994241 -0.990022 -0.984762
17.200 0.103697 0.295708 -0.992608 -0.987839 -0.982037
17.400 0.104288 0.299041 -0.990577 -0.985259 -0.978917
17.600 0.104886 0.302370 -0.988444 -0.982578 -0.975697
17.800 0.105490 0.305695 -0.986132 -0.979718 -0.972300
18.000 0.106100 0.309017 -0.983606 -0.976646 -0.968694
18.200 0.106717 0.312335 -0.980894 -0.973390 -0.964906
18.400 0.107340 0.315649 -0.977982 -0.969937 -0.960925
18.600 0.107970 0.318959 -0.974935 -0.966351 -0.956813
18.800 0.108607 0.322266 -0.971682 -0.962562 -0.952503
19.000 0.109249 0.325568 -0.968249 -0.958597 -0.948021
19.200 0.109898 0.328867 -0.964788 -0.954606 -0.943516
19.400 0.110554 0.332161 -0.961031 -0.950324 -0.938726
19.600 0.111216 0.335452 -0.957184 -0.945956 -0.933855
19.800 0.111884 0.338738 -0.953199 -0.941454 -0.928855
20.000 0.112559 0.342020 -0.949080 -0.936824 -0.923732
20.200 0.113240 0.345298 -0.944834 -0.932071 -0.918493
20.400 0.113927 0.348572 -0.940481 -0.927217 -0.913158
20.600 0.114621 0.351842 -0.935963 -0.922203 -0.907669
20.800 0.115320 0.355107 -0.931382 -0.917132 -0.902129
21.000 0.116027 0.358368 -0.926646 -0.911912 -0.896448
21.200 0.116739 0.361625 -0.921872 -0.906660 -0.890740
21.400 0.117458 0.364877 -0.916923 -0.901239 -0.884873
21.600 0.118183 0.368125 -0.911975 -0.895826 -0.879017
21.800 0.118914 0.371368 -0.906863 -0.890255 -0.873013
22.000 0.119652 0.374607 -0.901654 -0.884595 -0.866927
22.200 0.120396 0.377841 -0.896427 -0.878923 -0.860835
22.400 0.121145 0.381070 -0.891068 -0.873127 -0.854628
22.600 0.121902 0.384295 -0.885727 -0.867354 -0.848450
22.800 0.122664 0.387516 -0.880219 -0.861424 -0.842125
23.000 0.123432 0.390731 -0.874667 -0.855456 -0.835769
23.200 0.124207 0.393942 -0.869113 -0.849493 -0.829424
23.400 0.124988 0.397148 -0.863424 -0.843405 -0.822964
23.600 0.125774 0.400349 -0.857754 -0.837341 -0.816535
23.800 0.126567 0.403545 -0.852025 -0.831225 -0.810063
24.000 0.127366 0.406737 -0.846201 -0.825025 -0.803515
24.200 0.128172 0.409923 -0.840417 -0.818870 -0.797018
24.400 0.128983 0.413104 -0.834496 -0.812589 -0.790406
24.600 0.129800 0.416281 -0.828608 -0.806346 -0.783839
24.800 0.130623 0.419452 -0.822679 -0.800070 -0.777247
25.000 0.131452 0.422618 -0.816712 -0.793765 -0.770634
25.200 0.132288 0.425779 -0.810759 -0.787481 -0.764049
25.400 0.133129 0.428935 -0.804692 -0.781093 -0.757372
25.600 0.133976 0.432086 -0.798704 -0.774789 -0.750782
25.800 0.134829 0.435231 -0.792643 -0.768422 -0.744141
26.000 0.135688 0.438371 -0.786595 -0.762075 -0.737525
26.200 0.136553 0.441506 -0.780506 -0.755695 -0.730886
26.400 0.137424 0.444635 -0.774443 -0.749349 -0.724288
26.600 0.138301 0.447759 -0.768345 -0.742976 -0.717672
26.800 0.139183 0.450878 -0.762257 -0.736620 -0.711080
27.000 0.140072 0.453990 -0.756160 -0.730263 -0.704496
27.200 0.140966 0.457098 -0.750067 -0.723918 -0.697930
27.400 0.141866 0.460200 -0.743969 -0.717576 -0.691375
27.600 0.142772 0.463296 -0.737909 -0.711278 -0.684871
27.800 0.143684 0.466387 -0.731808 -0.704948 -0.678345
28.000 0.144601 0.469472 -0.725730 -0.698648 -0.671855
28.200 0.145524 0.472551 -0.719684 -0.692387 -0.665410
28.400 0.146453 0.475624 -0.713615 -0.686111 -0.658959
28.600 0.147388 0.478692 -0.707582 -0.679878 -0.652557
28.800 0.148328 0.481754 -0.701539 -0.673644 -0.646162
29.000 0.149274 0.484810 -0.695553 -0.667471 -0.639835
29.200 0.150226 0.487860 -0.689553 -0.661292 -0.633509
29.400 0.151183 0.490904 -0.683601 -0.655168 -0.627243
29.600 0.152146 0.493942 -0.677613 -0.649017 -0.620960
29.800 0.153115 0.496974 -0.671702 -0.642947 -0.614762
30.000 0.154089 0.500000 -0.665792 -0.636886 -0.608581
30.200 0.155069 0.503020 -0.659927 -0.630875 -0.602455
30.400 0.156054 0.506034 -0.654041 -0.624853 -0.596325
30.600 0.157045 0.509041 -0.648226 -0.618905 -0.590276
30.800 0.158041 0.512043 -0.642418 -0.612972 -0.584247
31.000 0.159043 0.515038 -0.636642 -0.607077 -0.578263
31.200 0.160051 0.518027 -0.630892 -0.601213 -0.572316
31.400 0.161063 0.521010 -0.625175 -0.595390 -0.566414
31.600 0.162082 0.523986 -0.619485 -0.589599 -0.560552
31.800 0.163105 0.526956 -0.613824 -0.583843 -0.554730
32.000 0.164134 0.529919 -0.608213 -0.578142 -0.548968
32.200 0.165169 0.532876 -0.602610 -0.572457 -0.543228
32.400 0.166209 0.535827 -0.597066 -0.566834 -0.537554
32.600 0.167254 0.538771 -0.591532 -0.561228 -0.531904
32.800 0.168305 0.541708 -0.586044 -0.555673 -0.526310
33.000 0.169360 0.544639 -0.580596 -0.550162 -0.520764
33.200 0.170422 0.547563 -0.575180 -0.544690 -0.515262
33.400 0.171488 0.550481 -0.569804 -0.539262 -0.509809
33.600 0.172560 0.553392 -0.564450 -0.533862 -0.504389
33.800 0.173637 0.556296 -0.559155 -0.528526 -0.499037
34.000 0.174719 0.559193 -0.553871 -0.523205 -0.493706
34.200 0.175806 0.562083 -0.548666 -0.517966 -0.488459
34.400 0.176899 0.564967 -0.543441 -0.512716 -0.483209
34.600 0.177996 0.567844 -0.538307 -0.507558 -0.478052
34.800 0.179099 0.570714 -0.533186 -0.502419 -0.472919
35.000 0.180207 0.573576 -0.528114 -0.497332 -0.467842
35.200 0.181320 0.576432 -0.523067 -0.492276 -0.462800
35.400 0.182438 0.579281 -0.518086 -0.487289 -0.457830
35.600 0.183561 0.582123 -0.513120 -0.482322 -0.452885
35.800 0.184689 0.584958 -0.508182 -0.477387 -0.447976
36.000 0.185823 0.587785 -0.503331 -0.472541 -0.443157
36.200 0.186961 0.590606 -0.498485 -0.467705 -0.438354
36.400 0.188104 0.593419 -0.493689 -0.462922 -0.433607
36.600 0.189252 0.596225 -0.488915 -0.458167 -0.428892
36.800 0.190405 0.599024 -0.484206 -0.453479 -0.424245
37.000 0.191563 0.601815 -0.479531 -0.448827 -0.419639
37.200 0.192726 0.604599 -0.474904 -0.444228 -0.415086
37.400 0.193894 0.607376 -0.470291 -0.439647 -0.410558
37.600 0.195066 0.610145 -0.465732 -0.435122 -0.406087
37.800 0.196244 0.612907 -0.461217 -0.430644 -0.401666
38.000 0.197426 0.615661 -0.456745 -0.426213 -0.397294
38.200 0.198613 0.618408 -0.452312 -0.421823 -0.392966
38.400 0.199805 0.621148 -0.447913 -0.417470 -0.388678
38.600 0.201001 0.623880 -0.443544 -0.413151 -0.384427
38.800 0.202202 0.626604 -0.439232 -0.408890 -0.380236
39.000 0.203408 0.629320 -0.434958 -0.404671 -0.376088
39.200 0.204619 0.632029 -0.430723 -0.400493 -0.371984
39.400 0.205834 0.634731 -0.426517 -0.396347 -0.367916
39.600 0.207054 0.637424 -0.422342 -0.392235 -0.363883
39.800 0.208279 0.640110 -0.418251 -0.388207 -0.359933
40.000 0.209508 0.642788 -0.414164 -0.384187 -0.355997
40.200 0.210741 0.645458 -0.410116 -0.380208 -0.352103
40.400 0.211979 0.648120 -0.406097 -0.376262 -0.348244
40.600 0.213222 0.650774 -0.402141 -0.372378 -0.344448
40.800 0.214469 0.653421 -0.398222 -0.368534 -0.340693
41.000 0.215721 0.656059 -0.394324 -0.364714 -0.336965
41.200 0.216977 0.658689 -0.390471 -0.360941 -0.333285
41.400 0.218238 0.661312 -0.386670 -0.357220 -0.329659
41.600 0.219503 0.663926 -0.382876 -0.353511 -0.326047
41.800 0.220772 0.666532 -0.379134 -0.349854 -0.322487
42.000 0.222046 0.669131 -0.375443 -0.346248 -0.318980
42.200 0.223324 0.671721 -0.371773 -0.342666 -0.315499
42.400 0.224606 0.674302 -0.368146 -0.339129 -0.312063
42.600 0.225893 0.676876 -0.364542 -0.335617 -0.308655
42.800 0.227184 0.679441 -0.360993 -0.332160 -0.305301
43.000 0.228479 0.681998 -0.357480 -0.328740 -0.301986
43.200 0.229778 0.684547 -0.353974 -0.325332 -0.298685
43.400 0.231082 0.687088 -0.350544 -0.321996 -0.295456
43.600 0.232390 0.689620 -0.347108 -0.318660 -0.292230
43.800 0.233702 0.692143 -0.343733 -0.315384 -0.289062
44.000 0.235018 0.694658 -0.340386 -0.312137 -0.285926
44.200 0.236338 0.697165 -0.337078 -0.308931 -0.282830
44.400 0.237663 0.699663 -0.333798 -0.305754 -0.279764
44.600 0.238991 0.702153 -0.330527 -0.302589 -0.276714
44.800 0.240323 0.704634 -0.327344 -0.299508 -0.273744
45.000 0.241660 0.707107 -0.324157 -0.296427 -0.270778
45.200 0.243000 0.709571 -0.321015 -0.293391 -0.267856
45.400 0.244345 0.712026 -0.317893 -0.290378 -0.264959
45.600 0.245693 0.714473 -0.314804 -0.287397 -0.262095
45.800 0.247045 0.716911 -0.311763 -0.284465 -0.259278
46.000 0.248401 0.719340 -0.308748 -0.281559 -0.256489
46.200 0.249761 0.721760 -0.305753 -0.278676 -0.253724
46.400 0.251125 0.724172 -0.302801 -0.275834 -0.251000
46.600 0.252493 0.726575 -0.299879 -0.273024 -0.248307
46.800 0.253864 0.728969 -0.296981 -0.270240 -0.245642
47.000 0.255240 0.731354 -0.294115 -0.267486 -0.243007
47.200 0.256619 0.733730 -0.291278 -0.264763 -0.240404
47.400 0.258002 0.736097 -0.288486 -0.262085 -0.237844
47.600 0.259388 0.738455 -0.285688 -0.259404 -0.235284
47.800 0.260778 0.740805 -0.282964 -0.256793 -0.232792
48.000 0.262172 0.743145 -0.280240 -0.254184 -0.230304
48.200 0.263569 0.745476 -0.277553 -0.251614 -0.227854
48.400 0.264971 0.747798 -0.274886 -0.249063 -0.225424
48.600 0.266375 0.750111 -0.272251 -0.246545 -0.223027
48.800 0.267783 0.752415 -0.269658 -0.244069 -0.220670
49.000 0.269195 0.754710 -0.267078 -0.241606 -0.218329
49.200 0.270610 0.756995 -0.264522 -0.239168 -0.216012
49.400 0.272029 0.759271 -0.262005 -0.236769 -0.213733
49.600 0.273451 0.761538 -0.259507 -0.234389 -0.211474
49.800 0.274877 0.763796 -0.257035 -0.232035 -0.209242
50.000 0.276306 0.766044 -0.254593 -0.229712 -0.207039
50.200 0.277738 0.768284 -0.252178 -0.227414 -0.204862
50.400 0.279174 0.770513 -0.249784 -0.225139 -0.202708
50.600 0.280613 0.772734 -0.247411 -0.222886 -0.200576
50.800 0.282056 0.774944 -0.245076 -0.220669 -0.198479
51.000 0.283501 0.777146 -0.242761 -0.218473 -0.196403
51.200 0.284951 0.779338 -0.240467 -0.216298 -0.194349
51.400 0.286403 0.781520 -0.238194 -0.214144 -0.192315
51.600 0.287858 0.783693 -0.235956 -0.212025 -0.190315
51.800 0.289317 0.785857 -0.233731 -0.209919 -0.188330
52.000 0.290779 0.788011 -0.231541 -0.207847 -0.186377
52.200 0.292244 0.790155 -0.229359 -0.205784 -0.184435
52.400 0.293712 0.792290 -0.227219 -0.203762 -0.182531
52.600 0.295183 0.794415 -0.225087 -0.201749 -0.180637
52.800 0.296657 0.796530 -0.222978 -0.199759 -0.178766
53.000 0.298134 0.798635 -0.220902 -0.197801 -0.176926
53.200 0.299614 0.800731 -0.218837 -0.195855 -0.175098
53.400 0.301098 0.802817 -0.216802 -0.193938 -0.173298
53.600 0.302584 0.804894 -0.214778 -0.192032 -0.171511
53.800 0.304073 0.806960 -0.212786 -0.190158 -0.169753
54.000 0.305565 0.809017 -0.210815 -0.188304 -0.168016
54.200 0.307060 0.811064 -0.208865 -0.186471 -0.166299
54.400 0.308558 0.813101 -0.206929 -0.184653 -0.164597
54.600 0.310058 0.815128 -0.205010 -0.182852 -0.162913
54.800 0.311562 0.817145 -0.203125 -0.181083 -0.161259
55.000 0.313068 0.819152 -0.201251 -0.179325 -0.159616
55.200 0.314577 0.821149 -0.199399 -0.177590 -0.157996
55.400 0.316089 0.823136 -0.197571 -0.175877 -0.156396
55.600 0.317603 0.825113 -0.195749 -0.174171 -0.154806
55.800 0.319120 0.827081 -0.193959 -0.172497 -0.153244
56.000 0.320640 0.829038 -0.192185 -0.170838 -0.151698
56.200 0.322163 0.830984 -0.190430 -0.169197 -0.150170
56.400 0.323688 0.832921 -0.188691 -0.167572 -0.148658
56.600 0.325215 0.834848 -0.186967 -0.165963 -0.147161
56.800 0.326745 0.836764 -0.185270 -0.164380 -0.145688
57.000 0.328278 0.838671 -0.183588 -0.162811 -0.144231
57.200 0.329813 0.840567 -0.181918 -0.161255 -0.142785
57.400 0.331351 0.842452 -0.180278 -0.159727 -0.141366
57.600 0.332891 0.844328 -0.178632 -0.158195 -0.139945
57.800 0.334433 0.846193 -0.177032 -0.156705 -0.138563
58.000 0.335978 0.848048 -0.175432 -0.155217 -0.137184
58.200 0.337526 0.849893 -0.173851 -0.153748 -0.135823
58.400 0.339075 0.851727 -0.172282 -0.152290 -0.134474
58.600 0.340627 0.853551 -0.170740 -0.150858 -0.133149
58.800 0.342182 0.855364 -0.169212 -0.149440 -0.131836
59.000 0.343738 0.857167 -0.167692 -0.148030 -0.130533
59.200 0.345297 0.858960 -0.166191 -0.146638 -0.129248
59.400 0.346858 0.860742 -0.164713 -0.145269 -0.127983
59.600 0.348421 0.862514 -0.163245 -0.143910 -0.126728
59.800 0.349987 0.864275 -0.161786 -0.142559 -0.125482
60.000 0.351554 0.866025 -0.160357 -0.141236 -0.124263
60.200 0.353124 0.867765 -0.158930 -0.139917 -0.123047
60.400 0.354696 0.869495 -0.157523 -0.138617 -0.121849
60.600 0.356269 0.871214 -0.156126 -0.137327 -0.120662
60.800 0.357845 0.872922 -0.154749 -0.136055 -0.119492
61.000 0.359423 0.874620 -0.153388 -0.134800 -0.118337
61.200 0.361003 0.876307 -0.152037 -0.133553 -0.117191
61.400 0.362585 0.877983 -0.150699 -0.132321 -0.116059
61.600 0.364169 0.879649 -0.149374 -0.131100 -0.114937
61.800 0.365754 0.881303 -0.148067 -0.129896 -0.113832
62.000 0.367342 0.882948 -0.146775 -0.128707 -0.112742
62.200 0.368931 0.884581 -0.145491 -0.127525 -0.111658
62.400 0.370523 0.886204 -0.144222 -0.126359 -0.110589
62.600 0.372116 0.887815 -0.142961 -0.125201 -0.109529
62.800 0.373710 0.889416 -0.141721 -0.124061 -0.108485
63.000 0.375307 0.891007 -0.140493 -0.122934 -0.107453
63.200 0.376905 0.892586 -0.139275 -0.121816 -0.106432
63.400 0.378506 0.894154 -0.138068 -0.120710 -0.105420
63.600 0.380107 0.895712 -0.136872 -0.119613 -0.104418
63.800 0.381711 0.897258 -0.135698 -0.118537 -0.103435
64.000 0.383316 0.898794 -0.134526 -0.117464 -0.102455
64.200 0.384922 0.900319 -0.133368 -0.116404 -0.101488
64.400 0.386531 0.901833 -0.132224 -0.115357 -0.100534
64.600 0.388140 0.903335 -0.131091 -0.114322 -0.099590
64.800 0.389752 0.904827 -0.129971 -0.113297 -0.098656
65.000 0.391364 0.906308 -0.128857 -0.112280 -0.097730
65.200 0.392979 0.907777 -0.127759 -0.111278 -0.096818
65.400 0.394594 0.909236 -0.126672 -0.110286 -0.095915
65.600 0.396212 0.910684 -0.125597 -0.109304 -0.095023
65.800 0.397830 0.912120 -0.124528 -0.108330 -0.094137
66.000 0.399450 0.913545 -0.123468 -0.107364 -0.093260
66.200 0.401071 0.914960 -0.122429 -0.106417 -0.092400
66.400 0.402694 0.916363 -0.121396 -0.105477 -0.091547
66.600 0.404318 0.917755 -0.120364 -0.104538 -0.090696
66.800 0.405943 0.919135 -0.119361 -0.103626 -0.089868
67.000 0.407569 0.920505 -0.118347 -0.102704 -0.089033
67.200 0.409197 0.921863 -0.117354 -0.101801 -0.088215
67.400 0.410826 0.923210 -0.116381 -0.100917 -0.087414
67.600 0.412456 0.924546 -0.115400 -0.100027 -0.086608
67.800 0.414087 0.925871 -0.114438 -0.099154 -0.085818
68.000 0.415719 0.927184 -0.113480 -0.098285 -0.085033
68.200 0.417353 0.928486 -0.112534 -0.097427 -0.084258
68.400 0.418987 0.929776 -0.111609 -0.096588 -0.083500
68.600 0.420623 0.931056 -0.110671 -0.095740 -0.082734
68.800 0.422259 0.932324 -0.109754 -0.094910 -0.081985
69.000 0.423897 0.933580 -0.108855 -0.094095 -0.081250
69.200 0.425535 0.934826 -0.107946 -0.093274 -0.080509
69.400 0.427175 0.936060 -0.107058 -0.092471 -0.079786
69.600 0.428815 0.937282 -0.106181 -0.091678 -0.079071
69.800 0.430456 0.938493 -0.105304 -0.090886 -0.078358
70.000 0.432098 0.939693 -0.104443 -0.090109 -0.077658
70.200 0.433741 0.940881 -0.103580 -0.089330 -0.076958
70.400 0.435385 0.942057 -0.102740 -0.088572 -0.076275
70.600 0.437029 0.943223 -0.101900 -0.087814 -0.075595
70.800 0.438675 0.944376 -0.101066 -0.087063 -0.074920
71.000 0.440321 0.945519 -0.100243 -0.086322 -0.074254
71.200 0.441968 0.946649 -0.099429 -0.085589 -0.073596
71.400 0.443615 0.947768 -0.098621 -0.084862 -0.072944
71.600 0.445263 0.948876 -0.097820 -0.084141 -0.072297
71.800 0.446912 0.949972 -0.097033 -0.083434 -0.071663
72.000 0.448561 0.951056 -0.096248 -0.082728 -0.071030
72.200 0.450211 0.952129 -0.095471 -0.082030 -0.070405
72.400 0.451862 0.953191 -0.094703 -0.081340 -0.069788
72.600 0.453513 0.954240 -0.093938 -0.080654 -0.069174
72.800 0.455165 0.955278 -0.093191 -0.079983 -0.068573
73.000 0.456817 0.956305 -0.092438 -0.079308 -0.067970
73.200 0.458470 0.957319 -0.091694 -0.078641 -0.067374
73.400 0.460123 0.958323 -0.090975 -0.077996 -0.066797
73.600 0.461776 0.959314 -0.090237 -0.077336 -0.066208
73.800 0.463430 0.960294 -0.089528 -0.076701 -0.065641
74.000 0.465084 0.961262 -0.088812 -0.076060 -0.065069
74.200 0.466739 0.962218 -0.088104 -0.075427 -0.064505
74.400 0.468394 0.963163 -0.087412 -0.074808 -0.063953
74.600 0.470049 0.964095 -0.086714 -0.074185 -0.063398
74.800 0.471705 0.965016 -0.086030 -0.073574 -0.062853
75.000 0.473360 0.965926 -0.085353 -0.072969 -0.062315
75.200 0.475016 0.966823 -0.084679 -0.072368 -0.061780
75.400 0.476673 0.967709 -0.084013 -0.071773 -0.061251
75.600 0.478329 0.968583 -0.083357 -0.071188 -0.060730
75.800 0.479985 0.969445 -0.082700 -0.070603 -0.060210
76.000 0.481642 0.970296 -0.082054 -0.070027 -0.059698
76.200 0.483299 0.971134 -0.081412 -0.069455 -0.059190
76.400 0.484956 0.971961 -0.080780 -0.068892 -0.058690
76.600 0.486613 0.972776 -0.080150 -0.068331 -0.058193
76.800 0.488270 0.973579 -0.079524 -0.067775 -0.057700
77.000 0.489927 0.974370 -0.078906 -0.067225 -0.057212
77.200 0.491584 0.975149 -0.078295 -0.066682 -0.056731
77.400 0.493241 0.975917 -0.077690 -0.066145 -0.056255
77.600 0.494897 0.976672 -0.077088 -0.065610 -0.055781
77.800 0.496554 0.977416 -0.076496 -0.065085 -0.055316
78.000 0.498211 0.978148 -0.075900 -0.064556 -0.054848
78.200 0.499868 0.978867 -0.075320 -0.064041 -0.054393
78.400 0.501524 0.979575 -0.074743 -0.063530 -0.053941
78.600 0.503180 0.980271 -0.074167 -0.063019 -0.053489
78.800 0.504836 0.980955 -0.073603 -0.062520 -0.053048
79.000 0.506492 0.981627 -0.073035 -0.062016 -0.052604
79.200 0.508148 0.982287 -0.072477 -0.061523 -0.052168
79.400 0.509803 0.982935 -0.071930 -0.061038 -0.051740
79.600 0.511458 0.983571 -0.071378 -0.060550 -0.051310
79.800 0.513113 0.984196 -0.070836 -0.060071 -0.050887
80.000 0.514767 0.984808 -0.070298 -0.059596 -0.050468
80.200 0.516421 0.985408 -0.069764 -0.059124 -0.050053
80.400 0.518075 0.985996 -0.069244 -0.058664 -0.049648
80.600 0.519728 0.986572 -0.068711 -0.058194 -0.049234
80.800 0.521381 0.987136 -0.068198 -0.057741 -0.048835
81.000 0.523033 0.987688 -0.067682 -0.057287 -0.048436
81.200 0.524685 0.988228 -0.067171 -0.056836 -0.048039
81.400 0.526336 0.988756 -0.066670 -0.056394 -0.047651
81.600 0.527987 0.989272 -0.066171 -0.055955 -0.047265
81.800 0.529638 0.989776 -0.065672 -0.055515 -0.046879
82.000 0.531287 0.990268 -0.065180 -0.055082 -0.046499
82.200 0.532937 0.990748 -0.064697 -0.054657 -0.046125
82.400 0.534585 0.991216 -0.064213 -0.054232 -0.045752
82.600 0.536233 0.991671 -0.063733 -0.053809 -0.045382
82.800 0.537881 0.992115 -0.063265 -0.053398 -0.045022
83.000 0.539527 0.992546 -0.062788 -0.052979 -0.044654
83.200 0.541173 0.992966 -0.062328 -0.052575 -0.044301
83.400 0.542818 0.993373 -0.061865 -0.052168 -0.043944
83.600 0.544463 0.993768 -0.061406 -0.051765 -0.043592
83.800 0.546107 0.994151 -0.060957 -0.051372 -0.043247
84.000 0.547750 0.994522 -0.060504 -0.050975 -0.042900
84.200 0.549392 0.994881 -0.060058 -0.050584 -0.042558
84.400 0.551033 0.995227 -0.059620 -0.050200 -0.042222
84.600 0.552673 0.995562 -0.059179 -0.049814 -0.041886
84.800 0.554313 0.995884 -0.058751 -0.049438 -0.041557
85.000 0.555952 0.996195 -0.058316 -0.049058 -0.041225
85.200 0.557589 0.996493 -0.057889 -0.048685 -0.040900
85.400 0.559226 0.996779 -0.057472 -0.048320 -0.040581
85.600 0.560862 0.997053 -0.057049 -0.047950 -0.040259
85.800 0.562497 0.997314 -0.056635 -0.047588 -0.039944
86.000 0.564131 0.997564 -0.056224 -0.047229 -0.039631
86.200 0.565764 0.997801 -0.055815 -0.046871 -0.039319
86.400 0.567396 0.998027 -0.055410 -0.046519 -0.039012
86.600 0.569027 0.998240 -0.055011 -0.046170 -0.038708
86.800 0.570657 0.998441 -0.054613 -0.045823 -0.038407
87.000 0.572285 0.998630 -0.054220 -0.045480 -0.038108
87.200 0.573913 0.998806 -0.053826 -0.045137 -0.037810
87.400 0.575539 0.998971 -0.053441 -0.044801 -0.037518
87.600 0.577164 0.999123 -0.053058 -0.044468 -0.037228
87.800 0.578788 0.999263 -0.052676 -0.044135 -0.036939
88.000 0.580411 0.999391 -0.052296 -0.043805 -0.036652
88.200 0.582033 0.999507 -0.051927 -0.043483 -0.036373
88.400 0.583653 0.999610 -0.051551 -0.043157 -0.036090
88.600 0.585272 0.999701 -0.051185 -0.042838 -0.035813
88.800 0.586890 0.999781 -0.050823 -0.042524 -0.035541
89.000 0.588507 0.999848 -0.050455 -0.042204 -0.035264
89.200 0.590122 0.999903 -0.050098 -0.041893 -0.034995
89.400 0.591736 0.999945 -0.049747 -0.041589 -0.034731
89.600 0.593348 0.999976 -0.049390 -0.041279 -0.034463
89.800 0.594959 0.999994 -0.049042 -0.040977 -0.034202
90.000 0.596569 1.000000 -0.048693 -0.040675 -0.033940
90.200 0.598177 0.999994 -0.048351 -0.040378 -0.033683
90.400 0.599784 0.999976 -0.048009 -0.040082 -0.033427
90.600 0.601389 0.999945 -0.047672 -0.039790 -0.033175
90.800 0.602993 0.999903 -0.047336 -0.039498 -0.032923
91.000 0.604596 0.999848 -0.047003 -0.039210 -0.032674
91.200 0.606196 0.999781 -0.046672 -0.038924 -0.032427
91.400 0.607796 0.999701 -0.046350 -0.038645 -0.032186
91.600 0.609393 0.999610 -0.046019 -0.038359 -0.031940
91.800 0.610990 0.999507 -0.045701 -0.038084 -0.031702
92.000 0.612584 0.999391 -0.045383 -0.037809 -0.031465
92.200 0.614177 0.999263 -0.045063 -0.037533 -0.031227
92.400 0.615768 0.999123 -0.044750 -0.037262 -0.030994
92.600 0.617358 0.998971 -0.044440 -0.036994 -0.030763
92.800 0.618946 0.998806 -0.044131 -0.036728 -0.030534
93.000 0.620532 0.998630 -0.043825 -0.036464 -0.030306
93.200 0.622117 0.998441 -0.043519 -0.036200 -0.030080
93.400 0.623700 0.998240 -0.043221 -0.035943 -0.029859
93.600 0.625281 0.998027 -0.042921 -0.035684 -0.029636
93.800 0.626860 0.997801 -0.042624 -0.035429 -0.029417
94.000 0.628438 0.997564 -0.042330 -0.035175 -0.029198
94.200 0.630014 0.997315 -0.042039 -0.034925 -0.028983
94.400 0.631588 0.997053 -0.041750 -0.034676 -0.028770
94.600 0.633160 0.996779 -0.041463 -0.034429 -0.028557
94.800 0.634730 0.996493 -0.041178 -0.034184 -0.028347
95.000 0.636299 0.996195 -0.040896 -0.033941 -0.028139
95.200 0.637865 0.995884 -0.040614 -0.033699 -0.027932
95.400 0.639430 0.995562 -0.040340 -0.033464 -0.027729
95.600 0.640992 0.995227 -0.040060 -0.033223 -0.027523
95.800 0.642553 0.994881 -0.039791 -0.032992 -0.027325
96.000 0.644112 0.994522 -0.039516 -0.032756 -0.027124
96.200 0.645669 0.994151 -0.039248 -0.032526 -0.026926
96.400 0.647223 0.993768 -0.038983 -0.032299 -0.026732
96.600 0.648776 0.993373 -0.038717 -0.032071 -0.026537
96.800 0.650327 0.992966 -0.038454 -0.031845 -0.026343
97.000 0.651876 0.992546 -0.038193 -0.031621 -0.026152
97.200 0.653422 0.992115 -0.037933 -0.031399 -0.025962
97.400 0.654967 0.991671 -0.037680 -0.031182 -0.025776
97.600 0.656509 0.991216 -0.037424 -0.030963 -0.025589
97.800 0.658050 0.990748 -0.037171 -0.030747 -0.025405
98.000 0.659588 0.990268 -0.036920 -0.030532 -0.025221
98.200 0.661124 0.989776 -0.036670 -0.030318 -0.025039
98.400 0.662658 0.989272 -0.036425 -0.030108 -0.024860
98.600 0.664190 0.988756 -0.036181 -0.029900 -0.024682
98.800 0.665719 0.988228 -0.035937 -0.029691 -0.024504
99.000 0.667247 0.987688 -0.035696 -0.029485 -0.024329
99.200 0.668772 0.987136 -0.035457 -0.029281 -0.024154
99.400 0.670294 0.986572 -0.035221 -0.029080 -0.023983
99.600 0.671815 0.985996 -0.034983 -0.028876 -0.023810
99.800 0.673333 0.985408 -0.034753 -0.028680 -0.023643
100.000 0.674849 0.984808 -0.034519 -0.028481 -0.023473
100.200 0.676363 0.984196 -0.034288 -0.028284 -0.023306
100.400 0.677874 0.983571 -0.034061 -0.028090 -0.023141
100.600 0.679384 0.982935 -0.033834 -0.027896 -0.022976
100.800 0.680890 0.982287 -0.033610 -0.027706 -0.022814
101.000 0.682394 0.981627 -0.033385 -0.027514 -0.022652
101.200 0.683896 0.980955 -0.033165 -0.027327 -0.022492
101.400 0.685396 0.980271 -0.032946 -0.027141 -0.022334
101.600 0.686893 0.979575 -0.032726 -0.026954 -0.022175
101.800 0.688388 0.978867 -0.032513 -0.026772 -0.022021
102.000 0.689880 0.978148 -0.032295 -0.026587 -0.021864
102.200 0.691370 0.977416 -0.032081 -0.026405 -0.021710
102.400 0.692857 0.976672 -0.031873 -0.026228 -0.021560
102.600 0.694342 0.975917 -0.031660 -0.026047 -0.021407
102.800 0.695824 0.975149 -0.031453 -0.025871 -0.021257
103.000 0.697304 0.974370 -0.031246 -0.025695 -0.021108
103.200 0.698781 0.973579 -0.031039 -0.025520 -0.020960
103.400 0.700256 0.972776 -0.030838 -0.025349 -0.020815
103.600 0.701728 0.971961 -0.030635 -0.025177 -0.020669
103.800 0.703197 0.971134 -0.030434 -0.025007 -0.020525
104.000 0.704664 0.970296 -0.030235 -0.024839 -0.020383
104.200 0.706129 0.969445 -0.030035 -0.024669 -0.020239
104.400 0.707590 0.968583 -0.029841 -0.024504 -0.020101
104.600 0.709049 0.967709 -0.029645 -0.024339 -0.019960
104.800 0.710506 0.966823 -0.029453 -0.024176 -0.019823
105.000 0.711960 0.965926 -0.029258 -0.024011 -0.019684
105.200 0.713411 0.965017 -0.029069 -0.023851 -0.019549
105.400 0.714859 0.964095 -0.028880 -0.023691 -0.019413
105.600 0.716305 0.963163 -0.028693 -0.023533 -0.019280
105.800 0.717748 0.962218 -0.028507 -0.023375 -0.019147
106.000 0.719188 0.961262 -0.028319 -0.023216 -0.019013
106.200 0.720625 0.960294 -0.028137 -0.023063 -0.018883
106.400 0.722060 0.959314 -0.027956 -0.022910 -0.018754
106.600 0.723492 0.958323 -0.027773 -0.022755 -0.018624
106.800 0.724921 0.957319 -0.027595 -0.022605 -0.018497
107.000 0.726348 0.956305 -0.027414 -0.022453 -0.018369
107.200 0.727771 0.955278 -0.027238 -0.022304 -0.018244
107.400 0.729192 0.954240 -0.027062 -0.022156 -0.018119
107.600 0.730610 0.953191 -0.026887 -0.022008 -0.017995
107.800 0.732025 0.952129 -0.026714 -0.021862 -0.017872
108.000 0.733437 0.951057 -0.026541 -0.021716 -0.017749
108.200 0.734846 0.949972 -0.026371 -0.021573 -0.017629
108.400 0.736253 0.948876 -0.026202 -0.021430 -0.017509
108.600 0.737656 0.947768 -0.026032 -0.021287 -0.017389
108.800 0.739057 0.946649 -0.025865 -0.021147 -0.017271
109.000 0.740455 0.945519 -0.025698 -0.021007 -0.017153
109.200 0.741849 0.944376 -0.025534 -0.020868 -0.017037
109.400 0.743241 0.943223 -0.025371 -0.020731 -0.016922
109.600 0.744630 0.942057 -0.025206 -0.020593 -0.016806
109.800 0.746016 0.940881 -0.025047 -0.020459 -0.016693
110.000 0.747399 0.939693 -0.024884 -0.020322 -0.016579
110.200 0.748779 0.938493 -0.024727 -0.020190 -0.016468
110.400 0.750155 0.937282 -0.024568 -0.020057 -0.016356
110.600 0.751529 0.936060 -0.024411 -0.019925 -0.016245
110.800 0.752900 0.934826 -0.024256 -0.019794 -0.016136
111.000 0.754268 0.933580 -0.024099 -0.019663 -0.016026
111.200 0.755633 0.932324 -0.023946 -0.019534 -0.015919
111.400 0.756994 0.931056 -0.023794 -0.019407 -0.015812
111.600 0.758353 0.929776 -0.023641 -0.019279 -0.015705
111.800 0.759708 0.928486 -0.023492 -0.019154 -0.015600
112.000 0.761060 0.927184 -0.023340 -0.019026 -0.015493
112.200 0.762410 0.925871 -0.023192 -0.018903 -0.015390
112.400 0.763756 0.924546 -0.023046 -0.018780 -0.015288
112.600 0.765099 0.923210 -0.022898 -0.018656 -0.015184
112.800 0.766439 0.921863 -0.022754 -0.018535 -0.015083
113.000 0.767775 0.920505 -0.022608 -0.018413 -0.014981
113.200 0.769109 0.919135 -0.022465 -0.018294 -0.014881
113.400 0.770439 0.917755 -0.022323 -0.018175 -0.014782
113.600 0.771766 0.916363 -0.022181 -0.018056 -0.014683
113.800 0.773090 0.914960 -0.022039 -0.017938 -0.014584
114.000 0.774411 0.913545 -0.021900 -0.017822 -0.014487
114.200 0.775729 0.912120 -0.021761 -0.017706 -0.014390
114.400 0.777043 0.910684 -0.021623 -0.017590 -0.014294
114.600 0.778354 0.909236 -0.021487 -0.017476 -0.014199
114.800 0.779662 0.907777 -0.021352 -0.017364 -0.014105
115.000 0.780966 0.906308 -0.021215 -0.017249 -0.014010
115.200 0.782268 0.904827 -0.021080 -0.017137 -0.013917
115.400 0.783566 0.903335 -0.020949 -0.017027 -0.013825
115.600 0.784860 0.901833 -0.020815 -0.016916 -0.013732
115.800 0.786152 0.900319 -0.020684 -0.016807 -0.013642
116.000 0.787440 0.898794 -0.020553 -0.016697 -0.013550
116.200 0.788725 0.897258 -0.020423 -0.016589 -0.013460
116.400 0.790006 0.895712 -0.020296 -0.016483 -0.013372
116.600 0.791284 0.894154 -0.020164 -0.016374 -0.013281
116.800 0.792559 0.892586 -0.020039 -0.016270 -0.013195
117.000 0.793830 0.891007 -0.019913 -0.016164 -0.013107
117.200 0.795098 0.889416 -0.019786 -0.016059 -0.013020
117.400 0.796363 0.887815 -0.019662 -0.015956 -0.012934
117.600 0.797624 0.886204 -0.019538 -0.015853 -0.012848
117.800 0.798882 0.884581 -0.019415 -0.015750 -0.012764
118.000 0.800137 0.882948 -0.019292 -0.015648 -0.012678
118.200 0.801388 0.881303 -0.019170 -0.015546 -0.012594
118.400 0.802636 0.879649 -0.019050 -0.015447 -0.012512
118.600 0.803880 0.877983 -0.018930 -0.015347 -0.012429
118.800 0.805121 0.876307 -0.018810 -0.015247 -0.012346
119.000 0.806358 0.874620 -0.018692 -0.015149 -0.012265
119.200 0.807592 0.872922 -0.018574 -0.015052 -0.012184
119.400 0.808822 0.871214 -0.018457 -0.014955 -0.012104
119.600 0.810049 0.869495 -0.018340 -0.014858 -0.012023
119.800 0.811273 0.867765 -0.018226 -0.014762 -0.011945
120.000 0.812493 0.866025 -0.018110 -0.014667 -0.011865
120.200 0.813709 0.864275 -0.017996 -0.014572 -0.011787
120.400 0.814922 0.862514 -0.017884 -0.014479 -0.011710
120.600 0.816132 0.860742 -0.017770 -0.014385 -0.011632
120.800 0.817338 0.858960 -0.017658 -0.014292 -0.011555
121.000 0.818540 0.857167 -0.017547 -0.014200 -0.011479
121.200 0.819739 0.855364 -0.017435 -0.014107 -0.011402
121.400 0.820934 0.853551 -0.017329 -0.014019 -0.011330
121.600 0.822126 0.851727 -0.017216 -0.013926 -0.011253
121.800 0.823314 0.849893 -0.017110 -0.013838 -0.011180
122.000 0.824499 0.848048 -0.017001 -0.013748 -0.011106
122.200 0.825680 0.846193 -0.016895 -0.013660 -0.011033
122.400 0.826857 0.844328 -0.016786 -0.013571 -0.010959
122.600 0.828031 0.842452 -0.016683 -0.013485 -0.010889
122.800 0.829201 0.840567 -0.016576 -0.013397 -0.010816
123.000 0.830368 0.838671 -0.016471 -0.013310 -0.010745
123.200 0.831531 0.836764 -0.016369 -0.013226 -0.010675
123.400 0.832691 0.834848 -0.016264 -0.013139 -0.010603
123.600 0.833846 0.832921 -0.016161 -0.013055 -0.010534
123.800 0.834999 0.830984 -0.016060 -0.012971 -0.010464
124.000 0.836147 0.829038 -0.015960 -0.012888 -0.010397
124.200 0.837292 0.827081 -0.015857 -0.012803 -0.010327
124.400 0.838433 0.825113 -0.015758 -0.012722 -0.010260
124.600 0.839571 0.823136 -0.015658 -0.012639 -0.010192
124.800 0.840705 0.821149 -0.015560 -0.012558 -0.010125
125.000 0.841835 0.819152 -0.015458 -0.012474 -0.010056
125.200 0.842961 0.817145 -0.015362 -0.012396 -0.009991
125.400 0.844084 0.815128 -0.015266 -0.012316 -0.009926
125.600 0.845204 0.813101 -0.015169 -0.012236 -0.009860
125.800 0.846319 0.811064 -0.015073 -0.012157 -0.009795
126.000 0.847431 0.809017 -0.014977 -0.012078 -0.009730
126.200 0.848539 0.806960 -0.014881 -0.011999 -0.009665
126.400 0.849643 0.804894 -0.014789 -0.011924 -0.009603
126.600 0.850744 0.802818 -0.014693 -0.011845 -0.009538
126.800 0.851840 0.800731 -0.014601 -0.011769 -0.009476
127.000 0.852934 0.798636 -0.014509 -0.011693 -0.009414
127.200 0.854023 0.796530 -0.014414 -0.011615 -0.009350
127.400 0.855109 0.794415 -0.014324 -0.011541 -0.009289
127.600 0.856190 0.792290 -0.014234 -0.011467 -0.009228
127.800 0.857268 0.790155 -0.014141 -0.011391 -0.009166
128.000 0.858343 0.788011 -0.014052 -0.011318 -0.009106
128.200 0.859413 0.785857 -0.013963 -0.011245 -0.009046
128.400 0.860480 0.783694 -0.013872 -0.011170 -0.008985
128.600 0.861543 0.781520 -0.013787 -0.011100 -0.008927
128.800 0.862602 0.779338 -0.013696 -0.011026 -0.008866
129.000 0.863658 0.777146 -0.013610 -0.010955 -0.008808
129.200 0.864709 0.774945 -0.013521 -0.010882 -0.008749
129.400 0.865757 0.772734 -0.013435 -0.010811 -0.008691
129.600 0.866801 0.770513 -0.013351 -0.010743 -0.008635
129.800 0.867841 0.768283 -0.013263 -0.010670 -0.008576
130.000 0.868877 0.766044 -0.013178 -0.010601 -0.008519
130.200 0.869909 0.763796 -0.013095 -0.010533 -0.008463
130.400 0.870938 0.761538 -0.013011 -0.010464 -0.008407
130.600 0.871963 0.759271 -0.012928 -0.010396 -0.008351
130.800 0.872984 0.756995 -0.012841 -0.010325 -0.008293
131.000 0.874001 0.754710 -0.012761 -0.010259 -0.008239
131.200 0.875014 0.752415 -0.012677 -0.010191 -0.008183
131.400 0.876023 0.750111 -0.012596 -0.010124 -0.008129
131.600 0.877029 0.747798 -0.012516 -0.010059 -0.008076
131.800 0.878030 0.745476 -0.012433 -0.009991 -0.008020
132.000 0.879028 0.743145 -0.012352 -0.009925 -0.007966
132.200 0.880022 0.740805 -0.012273 -0.009860 -0.007913
132.400 0.881012 0.738455 -0.012193 -0.009795 -0.007860
132.600 0.881998 0.736097 -0.012114 -0.009730 -0.007807
132.800 0.882980 0.733730 -0.012036 -0.009666 -0.007755
133.000 0.883958 0.731354 -0.011957 -0.009602 -0.007703
133.200 0.884933 0.728969 -0.011878 -0.009538 -0.007650
133.400 0.885903 0.726575 -0.011802 -0.009475 -0.007599
133.600 0.886870 0.724172 -0.011726 -0.009413 -0.007549
133.800 0.887832 0.721760 -0.011646 -0.009348 -0.007495
134.000 0.888791 0.719340 -0.011572 -0.009288 -0.007446
134.200 0.889746 0.716911 -0.011495 -0.009225 -0.007395
134.400 0.890696 0.714473 -0.011420 -0.009163 -0.007345
134.600 0.891643 0.712026 -0.011346 -0.009103 -0.007296
134.800 0.892586 0.709571 -0.011269 -0.009041 -0.007245
135.000 0.893525 0.707107 -0.011196 -0.008982 -0.007197
135.200 0.894460 0.704634 -0.011122 -0.008921 -0.007148
135.400 0.895391 0.702153 -0.011047 -0.008860 -0.007098
135.600 0.896319 0.699663 -0.010976 -0.008802 -0.007051
135.800 0.897242 0.697165 -0.010901 -0.008741 -0.007002
136.000 0.898161 0.694658 -0.010831 -0.008684 -0.006955
136.200 0.899076 0.692143 -0.010757 -0.008624 -0.006906
136.400 0.899987 0.689620 -0.010685 -0.008565 -0.006858
136.600 0.900895 0.687087 -0.010615 -0.008508 -0.006812
136.800 0.901798 0.684547 -0.010544 -0.008450 -0.006765
137.000 0.902697 0.681998 -0.010472 -0.008392 -0.006718
137.200 0.903593 0.679441 -0.010404 -0.008336 -0.006673
137.400 0.904484 0.676876 -0.010332 -0.008278 -0.006626
137.600 0.905371 0.674302 -0.010264 -0.008223 -0.006580
137.800 0.906254 0.671721 -0.010193 -0.008165 -0.006534
138.000 0.907134 0.669131 -0.010125 -0.008110 -0.006489
138.200 0.908009 0.666533 -0.010057 -0.008054 -0.006444
138.400 0.908880 0.663926 -0.009988 -0.007998 -0.006398
138.600 0.909748 0.661312 -0.009922 -0.007945 -0.006355
138.800 0.910611 0.658689 -0.009852 -0.007888 -0.006309
139.000 0.911470 0.656059 -0.009786 -0.007835 -0.006266
139.200 0.912326 0.653421 -0.009718 -0.007780 -0.006221
139.400 0.913177 0.650774 -0.009653 -0.007727 -0.006178
139.600 0.914024 0.648120 -0.009587 -0.007673 -0.006135
139.800 0.914867 0.645458 -0.009519 -0.007618 -0.006090
140.000 0.915706 0.642788 -0.009455 -0.007566 -0.006048
140.200 0.916541 0.640110 -0.009389 -0.007513 -0.006005
140.400 0.917372 0.637424 -0.009325 -0.007461 -0.005963
140.600 0.918199 0.634730 -0.009260 -0.007408 -0.005920
140.800 0.919022 0.632029 -0.009195 -0.007355 -0.005877
141.000 0.919841 0.629320 -0.009131 -0.007304 -0.005836
141.200 0.920656 0.626604 -0.009068 -0.007253 -0.005794
141.400 0.921467 0.623880 -0.009004 -0.007201 -0.005752
141.600 0.922274 0.621148 -0.008942 -0.007150 -0.005711
141.800 0.923076 0.618408 -0.008878 -0.007099 -0.005670
142.000 0.923875 0.615662 -0.008816 -0.007049 -0.005629
142.200 0.924670 0.612907 -0.008753 -0.006998 -0.005588
142.400 0.925460 0.610145 -0.008691 -0.006947 -0.005547
142.600 0.926246 0.607376 -0.008630 -0.006898 -0.005508
142.800 0.927029 0.604599 -0.008569 -0.006849 -0.005468
143.000 0.927807 0.601815 -0.008507 -0.006798 -0.005427
143.200 0.928581 0.599024 -0.008445 -0.006749 -0.005387
143.400 0.929351 0.596225 -0.008387 -0.006701 -0.005349
143.600 0.930117 0.593419 -0.008326 -0.006652 -0.005309
143.800 0.930879 0.590606 -0.008266 -0.006604 -0.005270
144.000 0.931637 0.587785 -0.008204 -0.006553 -0.005229
144.200 0.932391 0.584958 -0.008147 -0.006508 -0.005193
144.400 0.933140 0.582123 -0.008087 -0.006459 -0.005153
144.600 0.933886 0.579281 -0.008028 -0.006411 -0.005115
144.800 0.934627 0.576432 -0.007969 -0.006364 -0.005076
145.000 0.935364 0.573576 -0.007910 -0.006316 -0.005038
145.200 0.936098 0.570714 -0.007853 -0.006270 -0.005001
145.400 0.936827 0.567844 -0.007794 -0.006222 -0.004963
145.600 0.937552 0.564967 -0.007736 -0.006176 -0.004925
145.800 0.938273 0.562083 -0.007680 -0.006130 -0.004888
146.000 0.938989 0.559193 -0.007621 -0.006083 -0.004851
146.200 0.939702 0.556296 -0.007564 -0.006037 -0.004814
146.400 0.940411 0.553392 -0.007509 -0.005993 -0.004777
146.600 0.941115 0.550481 -0.007451 -0.005946 -0.004740
146.800 0.941815 0.547563 -0.007395 -0.005901 -0.004704
147.000 0.942511 0.544639 -0.007338 -0.005855 -0.004667
147.200 0.943203 0.541708 -0.007283 -0.005811 -0.004631
147.400 0.943891 0.538771 -0.007227 -0.005766 -0.004595
147.600 0.944575 0.535827 -0.007173 -0.005722 -0.004560
147.800 0.945255 0.532876 -0.007117 -0.005677 -0.004523
148.000 0.945930 0.529919 -0.007061 -0.005632 -0.004487
148.200 0.946602 0.526956 -0.007008 -0.005589 -0.004453
148.400 0.947269 0.523986 -0.006953 -0.005545 -0.004417
148.600 0.947932 0.521010 -0.006899 -0.005501 -0.004382
148.800 0.948591 0.518027 -0.006845 -0.005458 -0.004347
149.000 0.949246 0.515038 -0.006789 -0.005413 -0.004312
149.200 0.949897 0.512043 -0.006738 -0.005372 -0.004278
149.400 0.950543 0.509042 -0.006683 -0.005328 -0.004243
149.600 0.951186 0.506034 -0.006631 -0.005286 -0.004209
149.800 0.951824 0.503020 -0.006578 -0.005243 -0.004175
150.000 0.952458 0.500000 -0.006523 -0.005199 -0.004140
150.200 0.953088 0.496974 -0.006472 -0.005158 -0.004107
150.400 0.953714 0.493942 -0.006420 -0.005116 -0.004073
150.600 0.954335 0.490904 -0.006367 -0.005074 -0.004039
150.800 0.954953 0.487860 -0.006316 -0.005033 -0.004006
151.000 0.955566 0.484810 -0.006262 -0.004990 -0.003972
151.200 0.956175 0.481754 -0.006212 -0.004950 -0.003939
151.400 0.956780 0.478692 -0.006159 -0.004907 -0.003905
151.600 0.957381 0.475624 -0.006110 -0.004867 -0.003873
151.800 0.957978 0.472551 -0.006058 -0.004826 -0.003840
152.000 0.958570 0.469472 -0.006007 -0.004785 -0.003807
152.200 0.959158 0.466387 -0.005956 -0.004744 -0.003774
152.400 0.959742 0.463296 -0.005906 -0.004704 -0.003742
152.600 0.960323 0.460200 -0.005856 -0.004664 -0.003710
152.800 0.960898 0.457098 -0.005806 -0.004623 -0.003678
153.000 0.961470 0.453991 -0.005755 -0.004583 -0.003646
153.200 0.962037 0.450878 -0.005705 -0.004543 -0.003613
153.400 0.962601 0.447759 -0.005656 -0.004504 -0.003582
153.600 0.963160 0.444635 -0.005607 -0.004464 -0.003551
153.800 0.963715 0.441506 -0.005557 -0.004424 -0.003518
154.000 0.964265 0.438371 -0.005507 -0.004384 -0.003487
154.200 0.964812 0.435231 -0.005459 -0.004346 -0.003456
154.400 0.965354 0.432086 -0.005410 -0.004306 -0.003424
154.600 0.965893 0.428935 -0.005361 -0.004267 -0.003393
154.800 0.966427 0.425779 -0.005314 -0.004229 -0.003362
155.000 0.966957 0.422618 -0.005265 -0.004190 -0.003331
155.200 0.967482 0.419452 -0.005217 -0.004151 -0.003300
155.400 0.968004 0.416281 -0.005168 -0.004113 -0.003269
155.600 0.968521 0.413104 -0.005122 -0.004076 -0.003240
155.800 0.969034 0.409923 -0.005073 -0.004036 -0.003208
156.000 0.969543 0.406737 -0.005026 -0.003999 -0.003178
156.200 0.970048 0.403545 -0.004979 -0.003961 -0.003148
156.400 0.970548 0.400349 -0.004930 -0.003922 -0.003117
156.600 0.971045 0.397148 -0.004885 -0.003886 -0.003088
156.800 0.971537 0.393942 -0.004838 -0.003848 -0.003058
157.000 0.972025 0.390731 -0.004790 -0.003810 -0.003027
157.200 0.972508 0.387516 -0.004744 -0.003773 -0.002998
157.400 0.972988 0.384295 -0.004696 -0.003735 -0.002968
157.600 0.973463 0.381070 -0.004652 -0.003700 -0.002939
157.800 0.973934 0.377841 -0.004604 -0.003662 -0.002909
158.000 0.974401 0.374607 -0.004558 -0.003625 -0.002880
158.200 0.974864 0.371368 -0.004512 -0.003588 -0.002850
158.400 0.975323 0.368125 -0.004466 -0.003552 -0.002821
158.600 0.975777 0.364877 -0.004422 -0.003516 -0.002792
158.800 0.976227 0.361625 -0.004375 -0.003479 -0.002763
159.000 0.976673 0.358368 -0.004331 -0.003443 -0.002734
159.200 0.977115 0.355107 -0.004284 -0.003406 -0.002705
159.400 0.977552 0.351842 -0.004240 -0.003371 -0.002677
159.600 0.977986 0.348572 -0.004194 -0.003334 -0.002647
159.800 0.978415 0.345298 -0.004150 -0.003299 -0.002619
160.000 0.978840 0.342020 -0.004104 -0.003262 -0.002590
160.200 0.979260 0.338738 -0.004060 -0.003227 -0.002563
160.400 0.979677 0.335452 -0.004015 -0.003191 -0.002534
160.600 0.980089 0.332161 -0.003971 -0.003156 -0.002505
160.800 0.980497 0.328867 -0.003928 -0.003122 -0.002478
161.000 0.980901 0.325568 -0.003882 -0.003085 -0.002449
161.200 0.981301 0.322266 -0.003837 -0.003049 -0.002421
161.400 0.981696 0.318959 -0.003796 -0.003016 -0.002394
161.600 0.982087 0.315649 -0.003750 -0.002980 -0.002365
161.800 0.982474 0.312335 -0.003706 -0.002944 -0.002337
162.000 0.982857 0.309017 -0.003663 -0.002910 -0.002310
162.200 0.983236 0.305695 -0.003619 -0.002876 -0.002282
162.400 0.983610 0.302370 -0.003577 -0.002842 -0.002255
162.600 0.983980 0.299041 -0.003533 -0.002807 -0.002227
162.800 0.984346 0.295708 -0.003490 -0.002772 -0.002200
163.000 0.984708 0.292372 -0.003446 -0.002737 -0.002172
163.200 0.985065 0.289032 -0.003404 -0.002704 -0.002145
163.400 0.985419 0.285689 -0.003360 -0.002669 -0.002118
163.600 0.985768 0.282341 -0.003318 -0.002636 -0.002091
163.800 0.986113 0.278991 -0.003274 -0.002601 -0.002064
164.000 0.986453 0.275637 -0.003232 -0.002567 -0.002037
164.200 0.986790 0.272280 -0.003189 -0.002533 -0.002010
164.400 0.987122 0.268920 -0.003147 -0.002499 -0.001983
164.600 0.987450 0.265556 -0.003105 -0.002466 -0.001956
164.800 0.987773 0.262189 -0.003063 -0.002432 -0.001930
165.000 0.988093 0.258819 -0.003020 -0.002398 -0.001902
165.200 0.988408 0.255446 -0.002977 -0.002364 -0.001875
165.400 0.988719 0.252070 -0.002937 -0.002332 -0.001850
165.600 0.989026 0.248690 -0.002895 -0.002299 -0.001823
165.800 0.989329 0.245307 -0.002851 -0.002264 -0.001796
166.000 0.989627 0.241922 -0.002810 -0.002231 -0.001770
166.200 0.989921 0.238534 -0.002769 -0.002199 -0.001744
166.400 0.990211 0.235142 -0.002728 -0.002166 -0.001718
166.600 0.990497 0.231748 -0.002685 -0.002132 -0.001691
166.800 0.990779 0.228351 -0.002644 -0.002099 -0.001665
167.000 0.991056 0.224951 -0.002602 -0.002066 -0.001638
167.200 0.991329 0.221549 -0.002561 -0.002033 -0.001612
167.400 0.991598 0.218143 -0.002521 -0.002001 -0.001587
167.600 0.991862 0.214735 -0.002479 -0.001968 -0.001560
167.800 0.992123 0.211325 -0.002438 -0.001935 -0.001535
168.000 0.992379 0.207912 -0.002397 -0.001903 -0.001509
168.200 0.992631 0.204496 -0.002356 -0.001870 -0.001483
168.400 0.992878 0.201078 -0.002315 -0.001837 -0.001457
168.600 0.993122 0.197657 -0.002275 -0.001806 -0.001432
168.800 0.993361 0.194234 -0.002233 -0.001772 -0.001405
169.000 0.993596 0.190809 -0.002193 -0.001741 -0.001380
169.200 0.993827 0.187381 -0.002153 -0.001709 -0.001355
169.400 0.994053 0.183952 -0.002111 -0.001676 -0.001329
169.600 0.994276 0.180519 -0.002071 -0.001644 -0.001303
169.800 0.994494 0.177085 -0.002030 -0.001611 -0.001277
170.000 0.994708 0.173648 -0.001992 -0.001581 -0.001253
170.200 0.994917 0.170210 -0.001949 -0.001547 -0.001226
170.400 0.995123 0.166769 -0.001911 -0.001516 -0.001202
170.600 0.995324 0.163326 -0.001869 -0.001483 -0.001176
170.800 0.995521 0.159881 -0.001830 -0.001452 -0.001151
171.000 0.995713 0.156435 -0.001789 -0.001420 -0.001125
171.200 0.995902 0.152986 -0.001749 -0.001388 -0.001100
171.400 0.996086 0.149535 -0.001709 -0.001356 -0.001075
171.600 0.996266 0.146083 -0.001669 -0.001324 -0.001049
171.800 0.996442 0.142629 -0.001629 -0.001293 -0.001024
172.000 0.996613 0.139173 -0.001590 -0.001262 -0.001000
172.200 0.996781 0.135716 -0.001549 -0.001229 -0.000974
172.400 0.996944 0.132257 -0.001510 -0.001198 -0.000950
172.600 0.997103 0.128796 -0.001470 -0.001166 -0.000924
172.800 0.997257 0.125333 -0.001430 -0.001135 -0.000899
173.000 0.997408 0.121869 -0.001391 -0.001104 -0.000875
173.200 0.997554 0.118404 -0.001352 -0.001072 -0.000850
173.400 0.997696 0.114937 -0.001311 -0.001040 -0.000824
173.600 0.997833 0.111469 -0.001272 -0.001009 -0.000800
173.800 0.997967 0.107999 -0.001232 -0.000977 -0.000774
174.000 0.998096 0.104529 -0.001193 -0.000946 -0.000750
174.200 0.998221 0.101056 -0.001153 -0.000915 -0.000725
174.400 0.998342 0.097583 -0.001115 -0.000885 -0.000701
174.600 0.998458 0.094108 -0.001074 -0.000852 -0.000675
174.800 0.998570 0.090633 -0.001035 -0.000821 -0.000651
175.000 0.998678 0.087156 -0.000996 -0.000790 -0.000626
175.200 0.998782 0.083678 -0.000957 -0.000759 -0.000602
175.400 0.998882 0.080199 -0.000917 -0.000728 -0.000577
175.600 0.998977 0.076719 -0.000878 -0.000697 -0.000552
175.800 0.999068 0.073238 -0.000839 -0.000666 -0.000528
176.000 0.999155 0.069757 -0.000800 -0.000635 -0.000503
176.200 0.999237 0.066274 -0.000761 -0.000603 -0.000478
176.400 0.999316 0.062791 -0.000722 -0.000572 -0.000454
176.600 0.999390 0.059306 -0.000683 -0.000542 -0.000429
176.800 0.999460 0.055822 -0.000643 -0.000510 -0.000404
177.000 0.999526 0.052336 -0.000604 -0.000479 -0.000380
177.200 0.999587 0.048850 -0.000565 -0.000448 -0.000355
177.400 0.999644 0.045363 -0.000526 -0.000417 -0.000330
177.600 0.999697 0.041876 -0.000488 -0.000387 -0.000307
177.800 0.999746 0.038388 -0.000447 -0.000355 -0.000281
178.000 0.999790 0.034900 -0.000409 -0.000325 -0.000257
178.200 0.999831 0.031411 -0.000370 -0.000293 -0.000232
178.400 0.999867 0.027922 -0.000332 -0.000263 -0.000209
178.600 0.999898 0.024432 -0.000291 -0.000231 -0.000183
178.800 0.999926 0.020942 -0.000254 -0.000201 -0.000159
179.000 0.999949 0.017452 -0.000214 -0.000170 -0.000135
179.200 0.999968 0.013962 -0.000175 -0.000138 -0.000110
179.400 0.999983 0.010472 -0.000137 -0.000108 -0.000086
179.600 0.999994 0.006981 -0.000097 -0.000077 -0.000061
179.800 1.000000 0.003491 -0.000058 -0.000046 -0.000037
