-0.00010387,
-0.00002417,
0.00006934,
0.00019170,
0.00035903,
0.00058798,
0.00089515,
0.00129651,
0.00180672,
0.00243861,
0.00320252,
0.00410587,
0.00515269,
0.00634326,
0.00767389,
0.00913676,
0.01071996,
0.01240754,
0.01417981,
0.01601368,
0.01788312,
0.01975976,
0.02161348,
0.02341324,
0.02512773,
0.02672625,
0.02817940,
0.02945997,
0.03054352,
0.03140912,
0.03203988,
0.03242340,
0.03255209,
0.03242340,
0.03203988,
0.03140912,
0.03054352,
0.02945997,
0.02817941,
0.02672625,
0.02512773,
0.02341324,
0.02161348,
0.01975976,
0.01788313,
0.01601368,
0.01417981,
0.01240754,
0.01071996,
0.00913677,
0.00767389,
0.00634327,
0.00515269,
0.00410587,
0.00320252,
0.00243861,
0.00180672,
0.00129651,
0.00089515,
0.00058798,
0.00035903,
0.00019170,
0.00006934,
-0.00002417,
-0.00010387,