-0.00091199,
-0.00101474,
-0.00116930,
-0.00136743,
-0.00158383,
-0.00177568,
-0.00188382,
-0.00183550,
-0.00154863,
-0.00093721,
0.00008221,
0.00158380,
0.00362557,
0.00624318,
0.00944470,
0.01320696,
0.01747365,
0.02215551,
0.02713276,
0.03225951,
0.03737016,
0.04228725,
0.04683048,
0.05082615,
0.05411659,
0.05656885,
0.05808219,
0.05859375,
0.05808219,
0.05656885,
0.05411659,
0.05082615,
0.04683048,
0.04228725,
0.03737016,
0.03225951,
0.02713276,
0.02215551,
0.01747365,
0.01320696,
0.00944470,
0.00624318,
0.00362557,
0.00158380,
0.00008221,
-0.00093721,
-0.00154863,
-0.00183550,
-0.00188382,
-0.00177568,
-0.00158383,
-0.00136743,
-0.00116930,
-0.00101474,
-0.00091199,