-0.00091250,
-0.00085026,
-0.00080704,
-0.00070961,
-0.00046263,
0.00004420,
0.00092669,
0.00229537,
0.00424411,
0.00683927,
0.01011032,
0.01404280,
0.01857442,
0.02359482,
0.02894911,
0.03444506,
0.03986366,
0.04497213,
0.04953853,
0.05334692,
0.05621178,
0.05799061,
0.05859375,
0.05799061,
0.05621178,
0.05334692,
0.04953853,
0.04497213,
0.03986366,
0.03444507,
0.02894911,
0.02359483,
0.01857442,
0.01404280,
0.01011033,
0.00683927,
0.00424411,
0.00229537,
0.00092669,
0.00004420,
-0.00046263,
-0.00070961,
-0.00080704,
-0.00085026,
-0.00091250,