0.00020475
0.00029822
0.00039625
0.00050059
0.00061123
0.00072585
0.00083948
0.00094440
0.00103019
0.00108415
0.00109188
0.00103811
0.00090780
0.00068732
0.00036580
-0.00006360
-0.00060240
-0.00124565
-0.00198108
-0.00278846
-0.00363940
-0.00449752
-0.00531903
-0.00605384
-0.00664702
-0.00704071
-0.00717627
-0.00699680
-0.00644970
-0.00548930
-0.00407937
-0.00219550
0.00017297
0.00302136
0.00632868
0.01005720
0.01415270
0.01854538
0.02315150
0.02787552
0.03261289
0.03725325
0.04168399
0.04579395
0.04947726
0.05263698
0.05518854
0.05706276
0.05820834
0.05859375
0.05820834
0.05706276
0.05518854
0.05263698
0.04947726
0.04579395
0.04168399
0.03725325
0.03261289
0.02787552
0.02315151
0.01854539
0.01415270
0.01005720
0.00632868
0.00302136
0.00017297
-0.00219550
-0.00407937
-0.00548930
-0.00644970
-0.00699680
-0.00717627
-0.00704071
-0.00664702
-0.00605384
-0.00531903
-0.00449752
-0.00363940
-0.00278846
-0.00198108
-0.00124565
-0.00060240
-0.00006360
0.00036580
0.00068732
0.00090780
0.00103811
0.00109188
0.00108415
0.00103019
0.00094440
0.00083948
0.00072585
0.00061123
0.00050059
0.00039625
0.00029822
0.00020475