3491 -1158 -1218.68
3492 -1150 -1218.68
3493 -1151 -1218.68
3494 -1166 -1218.68
3495 -1190 -1218.68
3496 -1209 -1218.68
3497 -1220 -1218.68
3498 -1230 -1218.68
3499 -1239 -1218.68
3500 -1254 -1218.68
3501 -1272 -1218.68
3502 -1287 -1218.68
3503 -1298 -1218.68
3504 -1303 -1218.68
3505 -1301 -1218.68
3506 -1300 -1218.68
3507 -1298 -1218.68
3508 -1303 -1218.68
3509 -1311 -1218.68
3510 -1322 -1218.68
3511 -1329 -1218.68
3512 -1334 -1218.68
3513 -1348 -1218.68
3514 -1374 -1218.68
3515 -1398 -1218.68
3516 -1394 -1218.68
3517 -1316 -1218.68
3518 -1207 -1218.68
3519 -1149 -1218.68
3520 -1245 -1218.68
3521 -1526 -1218.68
3522 -1839 -1218.68
3523 -1900 -1218.68
3524 -1546 -1218.68
3525 -880 -1218.68
3526 -418 -1218.68
3527 -546 -1218.68
3528 -1326 -1218.68
3529 -2290 -1218.68
3530 -2696 -1218.68
3531 -2146 -1218.68
3532 -1020 -1218.68
3533 -163 -1218.68
3534 -298 -1218.68
3535 -1351 -1218.68
3536 -2274 -1218.68
3537 -2217 -1218.68
3538 -1099 -1218.68
3539 152 -1218.68
3540 416 -1218.68
3541 -704 -1218.68
3542 -2520 -1218.68
3543 -3551 -1218.68
3544 -2961 -1218.68
3545 -1312 -1218.68
3546 247 -1218.68
3547 358 -1218.68
3548 -655 -1218.68
3549 -1873 -1218.68
3550 -2251 -1218.68
3551 -1578 -1218.68
3552 -545 -1218.68
3553 -91 -1218.68
3554 -618 -1218.68
3555 -1583 -1218.68
3556 -2142 -1218.68
3557 -2014 -1218.68
3558 -1351 -1218.68
3559 -849 -1218.68
3560 -711 -1218.68
3561 -858 -1218.68
3562 -1017 -1218.68
3563 -1057 -1218.68
3564 -1016 -1218.68
3565 -1060 -1218.68
3566 -1197 -1218.68
3567 -1253 -1218.68
3568 -1153 -1218.68
3569 -1047 -1218.68
3570 -1064 -1218.68
3571 -1282 -1218.68
3572 -1434 -1218.68
3573 -1280 -1218.68
3574 -823 -1218.68
3575 -370 -1218.68
3576 -337 -1218.68
3577 -853 -1218.68
3578 -1606 -1218.68
3579 -2032 -1218.68
3580 -1764 -1218.68
3581 -1033 -1218.68
3582 -444 -1218.68
3583 -435 -1218.68
3584 -997 -1218.68
3585 -1604 -1218.68
3586 -1705 -1218.68
3587 -1187 -1218.68
3588 -481 -1218.68
3589 -300 -1218.68
3590 -830 -1218.68
3591 -1695 -1218.68
3592 -2294 -1218.68
3593 -2051 -1218.68
3594 -1260 -1218.68
3595 -532 -1218.68
3596 -382 -1218.68
3597 -908 -1218.68
3598 -1626 -1218.68
3599 -1944 -1218.68
3600 -1596 -1218.68
3601 -975 -1218.68
3602 -582 -1218.68
3603 -700 -1218.68
3604 -1272 -1218.68
3605 -1784 -1218.68
3606 -1899 -1218.68
3607 -1651 -1218.68
3608 -1263 -1218.68
3609 -1058 -1218.68
3610 -1105 -1218.68
3611 -1289 -1218.68
3612 -1364 -1218.68
3613 -1333 -1218.68
3614 -1262 -1218.68
3615 -1211 -1218.68
3616 -1241 -1218.68
3617 -1238 -1218.68
3618 -1216 -1218.68
3619 -1240 -1218.68
3620 -1363 -1218.68
3621 -1565 -1218.68
3622 -1704 -1218.68
3623 -1634 -1218.68
3624 -1354 -1218.68
3625 -1073 -1218.68
3626 -1022 -1218.68
3627 -1242 -1218.68
3628 -1559 -1218.68
3629 -1690 -1218.68
3630 -1527 -1218.68
3631 -1187 -1218.68
3632 -948 -1218.68
3633 -989 -1218.68
3634 -1295 -1218.68
3635 -1589 -1218.68
3636 -1645 -1218.68
3637 -1441 -1218.68
3638 -1182 -1218.68
3639 -1076 -1218.68
3640 -1177 -1218.68
3641 -1351 -1218.68
3642 -1428 -1218.68
3643 -1345 -1218.68
3644 -1181 -1218.68
3645 -1095 -1218.68
3646 -1166 -1218.68
3647 -1285 -1218.68
3648 -1336 -1218.68
3649 -1249 -1218.68
3650 -1119 -1218.68
3651 -1057 -1218.68
3652 -1118 -1218.68
3653 -1219 -1218.68
3654 -1249 -1218.68
3655 -1153 -1218.68
3656 -994 -1218.68
3657 -917 -1218.68
3658 -998 -1218.68
3659 -1173 -1218.68
3660 -1281 -1218.68
3661 -1221 -1218.68
3662 -1035 -1218.68
3663 -861 -1218.68
3664 -832 -1218.68
3665 -961 -1218.68
3666 -1141 -1218.68
3667 -1218 -1218.68
3668 -1141 -1218.68
3669 -993 -1218.68
3670 -892 -1218.68
3671 -926 -1218.68
3672 -1043 -1218.68
3673 -1138 -1218.68
3674 -1132 -1218.68
3675 -1043 -1218.68
3676 -944 -1218.68
3677 -923 -1218.68
3678 -990 -1218.68
3679 -1067 -1218.68
3680 -1084 -1218.68
3681 -1038 -1218.68
3682 -980 -1218.68
3683 -983 -1218.68
3684 -1054 -1218.68
3685 -1150 -1218.68
3686 -1198 -1218.68
3687 -1179 -1218.68
3688 -1115 -1218.68
3689 -1062 -1218.68
3690 -1076 -1218.68
3691 -1119 -1218.68
3692 -1157 -1218.68
3693 -1161 -1218.68
3694 -1141 -1218.68
3695 -1150 -1218.68
3696 -1200 -1218.68
3697 -1276 -1218.68
3698 -1338 -1218.68
3699 -1365 -1218.68
3700 -1356 -1218.68
3701 -1346 -1218.68
3702 -1367 -1218.68
3703 -1378 -1218.68
3704 -1359 -1218.68
3705 -1305 -1218.68
3706 -1255 -1218.68
3707 -1251 -1218.68
3708 -1316 -1218.68
3709 -1390 -1218.68
3710 -1423 -1218.68
3711 -1387 -1218.68
3712 -1317 -1218.68
3713 -1285 -1218.68
3714 -1342 -1218.68
3715 -1461 -1218.68
3716 -1535 -1218.68
3717 -1500 -1218.68
3718 -1382 -1218.68
3719 -1244 -1218.68
3720 -1193 -1218.68
3721 -1255 -1218.68
3722 -1369 -1218.68
3723 -1429 -1218.68
3724 -1379 -1218.68
3725 -1260 -1218.68
3726 -1158 -1218.68
3727 -1159 -1218.68
3728 -1258 -1218.68
3729 -1367 -1218.68
3730 -1410 -1218.68
3731 -1344 -1218.68
3732 -1223 -1218.68
3733 -1117 -1218.68
3734 -1106 -1218.68
3735 -1178 -1218.68
3736 -1271 -1218.68
3737 -1320 -1218.68
3738 -1291 -1218.68
3739 -1213 -1218.68
3740 -1133 -1218.68
3741 -1097 -1218.68
3742 -1112 -1218.68
3743 -1152 -1218.68
3744 -1179 -1218.68
3745 -1156 -1218.68
3746 -1101 -1218.68
3747 -1037 -1218.68
3748 -1006 -1218.68
3749 -1033 -1218.68
3750 -1101 -1218.68
3751 -1179 -1218.68
3752 -1208 -1218.68
3753 -1174 -1218.68
3754 -1099 -1218.68
3755 -1025 -1218.68
3756 -997 -1218.68
3757 -1024 -1218.68
3758 -1078 -1218.68
3759 -1109 -1218.68
3760 -1090 -1218.68
3761 -1041 -1218.68
3762 -1005 -1218.68
3763 -1013 -1218.68
3764 -1075 -1218.68
3765 -1140 -1218.68
3766 -1176 -1218.68
3767 -1148 -1218.68
3768 -1086 -1218.68
3769 -1032 -1218.68
3770 -1022 -1218.68
3771 -1053 -1218.68
3772 -1084 -1218.68
3773 -1085 -1218.68
3774 -1047 -1218.68
3775 -999 -1218.68
3776 -987 -1218.68
3777 -1031 -1218.68
3778 -1106 -1218.68
3779 -1153 -1218.68
3780 -1133 -1218.68
3781 -1058 -1218.68
3782 -985 -1218.68
3783 -975 -1218.68
3784 -1049 -1218.68
3785 -1143 -1218.68
3786 -1200 -1218.68
3787 -1172 -1218.68
3788 -1093 -1218.68
3789 -1030 -1218.68
3790 -1049 -1218.68
3791 -1147 -1218.68
3792 -1245 -1218.68
3793 -1280 -1218.68
3794 -1223 -1218.68
3795 -1135 -1218.68
3796 -1086 -1218.68
3797 -1126 -1218.68
3798 -1225 -1218.68
3799 -1317 -1218.68
3800 -1347 -1218.68
3801 -1306 -1218.68
3802 -1257 -1218.68
3803 -1244 -1218.68
3804 -1285 -1218.68
3805 -1347 -1218.68
3806 -1374 -1218.68
3807 -1354 -1218.68
3808 -1308 -1218.68
3809 -1275 -1218.68
3810 -1277 -1218.68
3811 -1301 -1218.68
3812 -1327 -1218.68
3813 -1327 -1218.68
3814 -1312 -1218.68
3815 -1299 -1218.68
3816 -1300 -1218.68
3817 -1310 -1218.68
3818 -1321 -1218.68
3819 -1326 -1218.68
3820 -1322 -1218.68
3821 -1318 -1218.68
3822 -1312 -1218.68
3823 -1301 -1218.68
3824 -1288 -1218.68
3825 -1275 -1218.68
3826 -1271 -1218.68
3827 -1275 -1218.68
3828 -1285 -1218.68
3829 -1291 -1218.68
3830 -1276 -1218.68
3831 -1248 -1218.68
3832 -1213 -1218.68
3833 -1192 -1218.68
3834 -1189 -1218.68
3835 -1206 -1218.68
3836 -1222 -1218.68
3837 -1218 -1218.68
3838 -1191 -1218.68
3839 -1142 -1218.68
3840 -1109 -1218.68
3841 -1103 -1218.68
3842 -1127 -1218.68
3843 -1149 -1218.68
3844 -1144 -1218.68
3845 -1106 -1218.68
3846 -1063 -1218.68
3847 -1051 -1218.68
3848 -1059 -1218.68
3849 -1076 -1218.68
3850 -1069 -1218.68
3851 -1015 -1218.68
3852 -950 -1218.68
3853 -888 14.91
3854 -829 14.92
3855 -741 14.92
3856 -547 14.93
3857 -209 14.93
3858 260 14.93
3859 801 14.94
3860 1328 14.94
3861 1755 14.95
3862 2065 14.95
3863 2279 14.95
3864 2472 14.96
3865 2664 14.96
3866 2842 14.97
3867 2948 14.97
3868 2955 14.97
3869 2915 14.98
3870 2963 14.98
3871 3196 14.98
3872 3666 14.99
3873 4264 14.99
3874 4789 14.99
3875 5177 14.99
3876 5461 14.99
3877 5779 14.99
3878 6246 14.99
3879 6814 14.99
3880 7399 14.99
3881 7880 14.99
3882 8156 14.99
3883 8330 14.99
3884 8536 14.99
3885 8857 14.99
3886 9273 14.99
3887 9625 14.99
3888 9832 14.99
3889 9894 14.99
3890 9940 14.99
3891 10151 14.99
3892 10664 14.99
3893 11525 14.99
3894 12580 14.99
3895 13658 14.99
3896 14609 14.99
3897 15372 14.99
3898 15970 14.99
3899 16395 14.99
3900 16733 14.99
3901 16955 14.99
3902 17035 14.99
3903 16959 14.99
3904 16739 14.99
3905 16452 14.99
3906 16194 14.99
3907 16078 14.99
3908 16130 14.99
3909 16333 14.99
3910 16591 14.99
3911 16821 14.99
3912 16935 14.99
3913 16973 14.99
3914 16943 14.99
3915 16920 14.99
3916 16934 14.99
3917 16965 14.99
3918 16985 14.99
3919 16939 14.99
3920 16781 14.99
3921 16519 14.99
3922 16176 14.99
3923 15785 14.99
3924 15376 14.99
3925 14925 14.99
3926 14481 14.99
3927 14001 14.99
3928 13486 14.99
3929 13007 14.99
3930 12525 14.99
3931 12011 14.99
3932 11321 14.99
3933 10297 14.99
3934 9035 14.99
3935 7679 14.99
3936 6532 14.99
3937 5861 14.99
3938 5511 14.99
3939 5268 14.99
3940 4830 14.99
3941 4242 14.99
3942 3870 14.99
3943 4184 14.99
3944 5430 14.99
3945 7318 14.99
3946 9135 14.99
3947 10236 14.99
3948 10237 14.99
3949 9533 14.99
3950 8677 14.99
3951 8169 14.99
3952 8094 14.99
3953 8018 14.99
3954 7592 14.99
3955 6642 14.99
3956 5339 14.99
3957 4361 14.99
3958 3973 14.99
3959 4271 14.99
3960 4834 14.99
3961 5114 14.99
3962 4960 14.99
3963 4410 14.99
3964 3922 14.99
3965 3900 14.99
3966 4349 14.99
3967 5016 14.99
3968 5504 14.99
3969 5537 14.99
3970 5149 14.99
3971 4585 14.99
3972 4204 14.99
3973 4106 14.99
3974 3967 14.99
3975 3653 14.99
3976 3009 14.99
3977 2146 14.99
3978 1356 14.99
3979 829 14.99
3980 593 14.99
3981 553 14.99
3982 426 14.99
3983 167 14.99
3984 -258 14.99
3985 -600 14.99
3986 -823 14.99
3987 -927 14.99
3988 -855 14.99
3989 -758 14.99
3990 -629 14.99
3991 -393 14.99
3992 -85 14.99
3993 246 14.99
3994 538 14.99
3995 681 14.99
3996 664 14.99
3997 408 14.99
3998 -33 14.99
3999 -607 14.99
4000 -1241 14.99
4001 -1824 14.99
4002 -2277 14.99
4003 -2579 14.99
4004 -2738 14.99
4005 -2770 14.99
4006 -2566 14.99
4007 -2132 14.99
4008 -1457 14.99
4009 -695 14.99
4010 -136 14.99
4011 112 14.99
4012 44 14.99
4013 -213 14.99
4014 -435 14.99
4015 -589 14.99
4016 -784 14.99
4017 -1172 14.99
4018 -1813 14.99
4019 -2616 14.99
4020 -3347 14.99
4021 -3709 14.99
4022 -3703 14.99
4023 -3428 14.99
4024 -3025 14.99
4025 -2689 14.99
4026 -2393 14.99
4027 -2012 14.99
4028 -1489 14.99
4029 -781 14.99
4030 -65 14.99
4031 478 14.99
4032 607 14.99
4033 271 14.99
4034 -356 14.99
4035 -1110 14.99
4036 -1755 14.99
4037 -2100 14.99
4038 -2154 14.99
4039 -2044 14.99
4040 -1894 14.99
4041 -1811 14.99
4042 -1772 14.99
4043 -1651 14.99
4044 -1335 14.99
4045 -829 14.99
4046 -217 14.99
4047 304 14.99
4048 449 14.99
4049 139 14.99
4050 -533 14.99
4051 -1274 14.99
4052 -1775 14.99
4053 -1938 14.99
4054 -1834 14.99
4055 -1795 14.99
4056 -2040 14.99
4057 -2482 14.99
4058 -2893 14.99
4059 -2963 14.99
4060 -2553 14.99
4061 -1827 14.99
4062 -1122 14.99
4063 -706 14.99
4064 -640 14.99
4065 -851 14.99
4066 -1132 14.99
4067 -1326 14.99
4068 -1448 14.99
4069 -1549 14.99
4070 -1708 14.99
4071 -1964 14.99
4072 -2307 14.99
4073 -2625 14.99
4074 -2773 14.99
4075 -2626 14.99
4076 -2152 14.99
4077 -1419 14.99
4078 -638 14.99
4079 -55 14.99
4080 252 14.99
4081 263 14.99
4082 82 14.99
4083 -91 14.99
4084 -232 14.99
4085 -387 14.99
4086 -636 14.99
4087 -1011 14.99
4088 -1481 14.99
4089 -1911 14.99
4090 -2023 14.99
4091 -1856 14.99
4092 -1420 14.99
4093 -838 14.99
4094 -372 14.99
4095 -63 14.99
4096 107 14.99
4097 146 14.99
4098 151 14.99
4099 127 14.99
4100 25 14.99
4101 -189 14.99
4102 -564 14.99
4103 -1004 14.99
4104 -1459 14.99
4105 -1894 14.99
4106 -2225 14.99
4107 -2471 14.99
4108 -2612 14.99
4109 -2563 14.99
4110 -2314 14.99
4111 -1941 14.99
4112 -1496 14.99
4113 -1087 14.99
4114 -787 14.99
4115 -574 14.99
4116 -462 14.99
4117 -522 14.99
4118 -789 14.99
4119 -1246 14.99
4120 -1867 14.99
4121 -2506 14.99
4122 -2966 14.99
4123 -3223 14.99
4124 -3239 14.99
4125 -3163 14.99
4126 -3067 14.99
4127 -2949 14.99
4128 -2724 14.99
4129 -2336 14.99
4130 -1814 14.99
4131 -1255 14.99
4132 -860 14.99
4133 -724 14.99
4134 -891 14.99
4135 -1297 14.99
4136 -1657 14.99
4137 -1886 14.99
4138 -1901 14.99
4139 -1788 14.99
4140 -1702 14.99
4141 -1723 14.99
4142 -1812 14.99
4143 -1845 14.99
4144 -1635 14.99
4145 -1184 14.99
4146 -571 14.99
4147 -51 14.99
4148 276 14.99
4149 393 14.99
4150 375 14.99
4151 288 14.99
4152 182 14.99
4153 -18 14.99
4154 -341 14.99
4155 -820 14.99
4156 -1344 14.99
4157 -1839 14.99
4158 -2242 14.99
4159 -2422 14.99
4160 -2407 14.99
4161 -2201 14.99
4162 -1818 14.99
4163 -1383 14.99
4164 -967 14.99
4165 -629 14.99
4166 -436 14.99
4167 -357 14.99
4168 -376 14.99
4169 -489 14.99
4170 -695 14.99
4171 -1017 14.99
4172 -1406 14.99
4173 -1843 14.99
4174 -2218 14.99
4175 -2466 14.99
4176 -2550 14.99
4177 -2440 14.99
4178 -2184 14.99
4179 -1886 14.99
4180 -1606 14.99
4181 -1404 14.99
4182 -1252 14.99
4183 -1119 14.99
4184 -957 14.99
4185 -794 14.99
4186 -697 14.99
4187 -736 14.99
4188 -957 14.99
4189 -1291 14.99
4190 -1633 14.99
4191 -1877 14.99
4192 -1951 14.99
4193 -1922 14.99
4194 -1805 14.99
4195 -1644 14.99
4196 -1439 14.99
4197 -1171 14.99
4198 -853 14.99
4199 -489 14.99
4200 -131 14.99
4201 126 14.99
4202 230 14.99
4203 82 14.99
4204 -245 14.99
4205 -663 14.99
4206 -1065 14.99
4207 -1403 14.99
4208 -1671 14.99
4209 -1913 14.99
4210 -2127 14.99
4211 -2279 14.99
4212 -2288 14.99
4213 -2101 14.99
4214 -1741 14.99
4215 -1314 14.99
4216 -957 14.99
4217 -744 14.99
4218 -703 14.99
4219 -795 14.99
4220 -974 14.99
4221 -1193 14.99
4222 -1402 14.99
4223 -1602 14.99
4224 -1779 14.99
4225 -1974 14.99
4226 -2221 14.99
4227 -2481 14.99
4228 -2698 14.99
4229 -2775 14.99
4230 -2677 14.99
4231 -2417 14.99
4232 -2106 14.99
4233 -1851 14.99
4234 -1689 14.99
4235 -1608 14.99
4236 -1531 14.99
4237 -1436 14.99
4238 -1395 14.99
4239 -1456 14.99
4240 -1655 14.99
4241 -1961 14.99
4242 -2232 14.99
4243 -2365 14.99
4244 -2346 14.99
4245 -2160 14.99
4246 -1876 14.99
4247 -1577 14.99
4248 -1242 14.99
4249 -897 14.99
4250 -546 14.99
4251 -197 14.99
4252 109 14.99
4253 272 14.99
4254 261 14.99
4255 74 14.99
4256 -256 14.99
4257 -656 14.99
4258 -1008 14.99
4259 -1282 14.99
4260 -1439 14.99
4261 -1506 14.99
4262 -1521 14.99
4263 -1498 14.99
4264 -1435 14.99
4265 -1326 14.99
4266 -1172 14.99
4267 -970 14.99
4268 -735 14.99
4269 -506 14.99
4270 -350 14.99
4271 -334 14.99
4272 -459 14.99
4273 -685 14.99
4274 -968 14.99
4275 -1250 14.99
4276 -1505 14.99
4277 -1720 14.99
4278 -1925 14.99
4279 -2113 14.99
4280 -2243 14.99
4281 -2259 14.99
4282 -2109 14.99
4283 -1823 14.99
4284 -1495 14.99
4285 -1214 14.99
4286 -1040 14.99
4287 -989 14.99
4288 -1044 14.99
4289 -1162 14.99
4290 -1327 14.99
4291 -1545 14.99
4292 -1769 14.99
4293 -2015 14.99
4294 -2228 14.99
4295 -2368 14.99
4296 -2404 14.99
4297 -2317 14.99
4298 -2116 14.99
4299 -1824 14.99
4300 -1486 14.99
4301 -1147 14.99
4302 -843 14.99
4303 -640 14.99
4304 -537 14.99
4305 -541 14.99
4306 -615 14.99
4307 -718 14.99
4308 -843 14.99
4309 -983 14.99
4310 -1180 14.99
4311 -1426 14.99
4312 -1692 14.99
4313 -1906 14.99
4314 -2002 14.99
4315 -1955 14.99
4316 -1792 14.99
4317 -1585 14.99
4318 -1383 14.99
4319 -1198 14.99
4320 -1032 14.99
4321 -882 14.99
4322 -773 14.99
4323 -756 14.99
4324 -874 14.99
4325 -1099 14.99
4326 -1392 14.99
4327 -1705 14.99
4328 -1969 14.99
4329 -2164 14.99
4330 -2280 14.99
4331 -2328 14.99
4332 -2290 14.99
4333 -2169 14.99
4334 -1977 14.99
4335 -1728 14.99
4336 -1460 14.99
4337 -1244 14.99
4338 -1118 14.99
4339 -1114 14.99
4340 -1230 14.99
4341 -1425 14.99
4342 -1655 14.99
4343 -1875 14.99
4344 -2037 14.99
4345 -2152 14.99
4346 -2222 14.99
4347 -2260 14.99
4348 -2254 14.99
4349 -2192 14.99
4350 -2041 14.99
4351 -1796 14.99
4352 -1499 14.99
4353 -1161 14.99
4354 -838 14.99
4355 -582 14.99
4356 -417 14.99
4357 -370 14.99
4358 -415 14.99
4359 -511 14.99
4360 -616 14.99
4361 -726 14.99
4362 -859 14.99
4363 -1010 14.99
4364 -1191 14.99
4365 -1347 14.99
4366 -1420 14.99
4367 -1374 14.99
