3406 588 1889.75
3407 597 1889.75
3408 625 1889.75
3409 625 1889.75
3410 606 1889.75
3411 597 1889.75
3412 570 1889.75
3413 524 1889.75
3414 460 1889.75
3415 369 1889.75
3416 332 1889.75
3417 268 1889.75
3418 222 1889.75
3419 167 1889.75
3420 85 1889.75
3421 -5 1889.75
3422 -51 1889.75
3423 -161 1889.75
3424 -243 1889.75
3425 -280 1889.75
3426 -261 1889.75
3427 -252 1889.75
3428 -261 1889.75
3429 -280 1889.75
3430 -261 1889.75
3431 -252 1889.75
3432 -170 1889.75
3433 -161 1889.75
3434 -234 1889.75
3435 -234 1889.75
3436 -161 1889.75
3437 -133 1889.75
3438 -60 1889.75
3439 -33 1889.75
3440 76 1889.75
3441 167 1889.75
3442 231 1889.75
3443 177 1889.75
3444 186 1889.75
3445 305 1889.75
3446 359 1889.75
3447 323 1889.75
3448 286 1889.75
3449 405 1889.75
3450 478 1889.75
3451 396 1889.75
3452 369 1889.75
3453 497 1889.75
3454 615 1889.75
3455 579 1889.75
3456 469 1889.75
3457 506 1889.75
3458 597 1889.75
3459 615 1889.75
3460 451 1889.75
3461 478 1889.75
3462 588 1889.75
3463 588 1889.75
3464 396 1889.75
3465 332 1889.75
3466 487 1889.75
3467 588 1889.75
3468 460 1889.75
3469 378 1889.75
3470 442 1889.75
3471 542 1889.75
3472 423 1889.75
3473 305 1889.75
3474 405 1889.75
3475 405 1889.75
3476 305 1889.75
3477 131 1889.75
3478 204 1889.75
3479 350 1889.75
3480 323 1889.75
3481 186 1889.75
3482 177 1889.75
3483 177 1889.75
3484 158 1889.75
3485 113 1889.75
3486 149 1889.75
3487 149 1889.75
3488 85 1889.75
3489 85 1889.75
3490 149 1889.75
3491 167 1889.75
3492 85 1889.75
3493 39 1889.75
3494 167 1889.75
3495 222 1889.75
3496 158 1889.75
3497 30 1889.75
3498 94 1889.75
3499 277 1889.75
3500 314 1889.75
3501 195 1889.75
3502 241 1889.75
3503 359 1889.75
3504 305 1889.75
3505 231 1889.75
3506 259 1889.75
3507 305 1889.75
3508 305 1889.75
3509 213 1889.75
3510 286 1889.75
3511 295 1889.75
3512 131 1889.75
3513 -15 1889.75
3514 58 1889.75
3515 149 1889.75
3516 49 1889.75
3517 -88 1889.75
3518 -179 1889.75
3519 -124 1889.75
3520 -143 1889.75
3521 -353 1889.75
3522 -362 1889.75
3523 -325 1889.75
3524 -325 1889.75
3525 -417 1889.75
3526 -481 1889.75
3527 -371 1889.75
3528 -252 1889.75
3529 -280 1889.75
3530 -307 1889.75
3531 -316 1889.75
3532 -197 1889.75
3533 -188 1889.75
3534 -161 1889.75
3535 -97 1889.75
3536 -15 1889.75
3537 113 1889.75
3538 149 1889.75
3539 231 1889.75
3540 323 1889.75
3541 405 1889.75
3542 414 1889.75
3543 487 1889.75
3544 561 1889.75
3545 661 1889.75
3546 725 1889.75
3547 734 1889.75
3548 679 1889.75
3549 661 1889.75
3550 707 1889.75
3551 734 1889.75
3552 771 1889.75
3553 716 1889.75
3554 725 1889.75
3555 725 1889.75
3556 689 1889.75
3557 606 1889.75
3558 579 1889.75
3559 533 1889.75
3560 506 1889.75
3561 506 1889.75
3562 423 1889.75
3563 314 1889.75
3564 259 1889.75
3565 204 1889.75
3566 222 1889.75
3567 213 1889.75
3568 158 1889.75
3569 122 1889.75
3570 76 1889.75
3571 39 1889.75
3572 49 1889.75
3573 3 1889.75
3574 -51 1889.75
3575 -60 1889.75
3576 -115 1889.75
3577 -133 1889.75
3578 -225 1889.75
3579 -243 1889.75
3580 -188 1889.75
3581 -243 1889.75
3582 -344 1889.75
3583 -298 1889.75
3584 -243 1889.75
3585 -289 1889.75
3586 -362 1889.75
3587 -399 1889.75
3588 -316 1889.75
3589 -298 1889.75
3590 -408 1889.75
3591 -453 1889.75
3592 -289 1889.75
3593 -298 1889.75
3594 -417 1889.75
3595 -472 1889.75
3596 -316 1889.75
3597 -97 1889.75
3598 -69 1889.75
3599 -152 1889.75
3600 -152 1889.75
3601 21 1889.75
3602 94 1889.75
3603 76 1889.75
3604 85 1889.75
3605 222 1889.75
3606 341 1889.75
3607 314 1889.75
3608 222 1889.75
3609 295 1889.75
3610 405 1889.75
3611 487 1889.75
3612 396 1889.75
3613 423 1889.75
3614 451 1889.75
3615 533 1889.75
3616 497 1889.75
3617 405 1889.75
3618 359 1889.75
3619 423 1889.75
3620 396 1889.75
3621 314 1889.75
3622 122 1889.75
3623 140 1889.75
3624 250 1889.75
3625 231 1889.75
3626 131 1889.75
3627 94 1889.75
3628 149 1889.75
3629 113 1889.75
3630 30 1889.75
3631 -69 1889.75
3632 30 1889.75
3633 94 1889.75
3634 49 1889.75
3635 -15 1889.75
3636 -33 1889.75
3637 49 1889.75
3638 49 1889.75
3639 30 1889.75
3640 58 1889.75
3641 140 1889.75
3642 222 1889.75
3643 186 1889.75
3644 231 1889.75
3645 167 1889.75
3646 259 1889.75
3647 149 1889.75
3648 186 1889.75
3649 231 1889.75
3650 241 1889.75
3651 241 1889.75
3652 231 1889.75
3653 113 1889.75
3654 149 1889.75
3655 39 1889.75
3656 113 1889.75
3657 39 1889.75
3658 204 1889.75
3659 149 1889.75
3660 76 1889.75
3661 21 1889.75
3662 94 1889.75
3663 131 1889.75
3664 -133 1889.75
3665 -225 1889.75
3666 -325 1889.75
3667 -344 1889.75
3668 -42 1889.75
3669 -42 1889.75
3670 -234 1889.75
3671 -207 1889.75
3672 195 1889.75
3673 158 1889.75
3674 -15 1889.75
3675 780 1889.75
3676 899 1889.75
3677 771 1889.75
3678 1109 1889.75
3679 1210 1889.75
3680 1118 1889.75
3681 1036 1889.75
3682 1127 1889.75
3683 1164 1889.75
3684 1511 1889.75
3685 2005 1889.75
3686 1868 51.30
3687 1566 51.31
3688 1703 51.32
3689 1886 51.34
3690 1703 51.35
3691 1740 51.37
3692 2005 51.38
3693 2371 51.39
3694 2499 51.39
3695 2270 51.39
3696 2215 51.39
3697 2755 51.39
3698 2865 51.39
3699 2828 51.39
3700 3349 51.39
3701 3806 51.39
3702 3815 51.39
3703 3971 51.39
3704 4684 51.39
3705 4775 51.39
3706 5342 51.39
3707 5251 51.39
3708 5425 51.39
3709 5790 51.39
3710 5242 51.39
3711 4839 51.39
3712 4977 51.39
3713 5873 51.39
3714 6513 51.39
3715 6860 51.39
3716 6412 51.39
3717 6741 51.39
3718 6531 51.39
3719 7610 51.39
3720 6238 51.39
3721 5681 51.39
3722 5004 51.39
3723 5086 51.39
3724 6119 51.39
3725 6375 51.39
3726 6970 51.39
3727 6759 51.39
3728 5708 51.39
3729 9475 51.39
3730 10782 51.39
3731 13489 51.39
3732 9438 51.39
3733 8314 51.39
3734 7217 51.39
3735 9347 51.39
3736 7783 51.39
3737 6970 51.39
3738 4017 51.39
3739 7482 51.39
3740 5050 51.39
3741 8698 51.39
3742 6193 51.39
3743 8588 51.39
3744 6823 51.39
3745 6823 51.39
3746 5708 51.39
3747 7189 51.39
3748 6622 51.39
3749 7500 51.39
3750 4711 51.39
3751 6869 51.39
3752 5297 51.39
3753 6092 51.39
3754 6147 51.39
3755 6741 51.39
3756 7610 51.39
3757 6330 51.39
3758 4913 51.39
3759 5598 51.39
3760 4602 51.39
3761 5351 51.39
3762 2993 51.39
3763 3111 51.39
3764 2645 51.39
3765 2764 51.39
3766 2974 51.39
3767 1447 51.39
3768 3038 51.39
3769 4035 51.39
3770 3194 51.39
3771 2791 51.39
3772 2243 51.39
3773 3633 51.39
3774 3879 51.39
3775 2279 51.39
3776 1164 51.39
3777 1621 51.39
3778 2599 51.39
3779 2371 51.39
3780 268 51.39
3781 835 51.39
3782 1237 51.39
3783 2142 51.39
3784 515 51.39
3785 305 51.39
3786 268 51.39
3787 606 51.39
3788 -298 51.39
3789 -1788 51.39
3790 -1157 51.39
3791 -901 51.39
3792 -15 51.39
3793 -344 51.39
3794 314 51.39
3795 158 51.39
3796 -1587 51.39
3797 -2511 51.39
3798 -2181 51.39
3799 -645 51.39
3800 -42 51.39
3801 -636 51.39
3802 49 51.39
3803 -143 51.39
3804 -499 51.39
3805 -1743 51.39
3806 -1496 51.39
3807 -399 51.39
3808 30 51.39
3809 295 51.39
3810 -152 51.39
3811 -444 51.39
3812 -1093 51.39
3813 -2328 51.39
3814 -1432 51.39
3815 -572 51.39
3816 405 51.39
3817 305 51.39
3818 -700 51.39
3819 -417 51.39
3820 -1103 51.39
3821 -938 51.39
3822 -481 51.39
3823 39 51.39
3824 -508 51.39
3825 -773 51.39
3826 -1020 51.39
3827 -700 51.39
3828 -1441 51.39
3829 -709 51.39
3830 -1039 51.39
3831 -325 51.39
3832 -655 51.39
3833 -1276 51.39
3834 -1642 51.39
3835 -1642 51.39
3836 -1807 51.39
3837 -1048 51.39
3838 -1121 51.39
3839 -435 51.39
3840 -435 51.39
3841 -444 51.39
3842 -1029 51.39
3843 -920 51.39
3844 -929 51.39
3845 -1221 51.39
3846 -965 51.39
3847 -545 51.39
3848 -801 51.39
3849 -1148 51.39
3850 -1569 51.39
3851 -1276 51.39
3852 -783 51.39
3853 -819 51.39
3854 -837 51.39
3855 -490 51.39
3856 -353 51.39
3857 -289 51.39
3858 -353 51.39
3859 -5 51.39
3860 359 51.39
3861 597 51.39
3862 369 51.39
3863 231 51.39
3864 250 51.39
3865 451 51.39
3866 597 51.39
3867 881 51.39
3868 1292 51.39
3869 1831 51.39
3870 1923 51.39
3871 1749 51.39
3872 1621 51.39
3873 1667 51.39
3874 1502 51.39
3875 1530 51.39
3876 1402 51.39
3877 1292 51.39
3878 1402 51.39
3879 1237 51.39
3880 935 51.39
3881 935 51.39
3882 1027 51.39
3883 1063 51.39
3884 625 51.39
3885 76 51.39
3886 -216 51.39
3887 -316 51.39
3888 -435 51.39
3889 -737 51.39
3890 -682 51.39
3891 -691 51.39
3892 -911 51.39
3893 -938 51.39
3894 -847 51.39
3895 -609 51.39
3896 -280 51.39
3897 -33 51.39
3898 213 51.39
3899 341 51.39
3900 286 51.39
3901 332 51.39
3902 85 51.39
3903 39 51.39
3904 103 51.39
3905 30 51.39
3906 12 51.39
3907 -289 51.39
3908 -499 51.39
3909 -664 51.39
3910 -847 51.39
3911 -911 51.39
3912 -664 51.39
3913 -499 51.39
3914 -755 51.39
3915 -965 51.39
3916 -1167 51.39
3917 -1468 51.39
3918 -1743 51.39
3919 -1825 51.39
3920 -1770 51.39
3921 -1560 51.39
3922 -1624 51.39
3923 -1651 51.39
3924 -1523 51.39
3925 -1477 51.39
3926 -1423 51.39
3927 -1331 51.39
3928 -1450 51.39
3929 -1578 51.39
3930 -1596 51.39
3931 -1395 51.39
3932 -1148 51.39
3933 -938 51.39
3934 -810 51.39
3935 -636 51.39
3936 -399 51.39
3937 -325 51.39
3938 -325 51.39
3939 -298 51.39
3940 -197 51.39
3941 -24 51.39
3942 49 51.39
3943 -15 51.39
3944 -69 51.39
3945 -24 51.39
3946 -33 51.39
3947 -161 51.39
3948 -307 51.39
3949 -307 51.39
3950 -243 51.39
3951 -307 51.39
3952 -399 51.39
3953 -399 51.39
3954 -371 51.39
3955 -252 51.39
3956 -88 51.39
3957 85 51.39
3958 295 51.39
3959 478 51.39
3960 524 51.39
3961 506 51.39
3962 396 51.39
3963 405 51.39
3964 497 51.39
3965 597 51.39
3966 725 51.39
3967 871 51.39
3968 817 51.39
3969 661 51.39
3970 698 51.39
3971 890 51.39
3972 954 51.39
3973 972 51.39
3974 1009 51.39
3975 1127 51.39
3976 1073 51.39
3977 972 51.39
3978 1018 51.39
3979 1219 51.39
3980 1228 51.39
3981 1063 51.39
3982 954 51.39
3983 789 51.39
3984 734 51.39
3985 707 51.39
3986 625 51.39
3987 533 51.39
3988 506 51.39
3989 387 51.39
3990 213 51.39
3991 39 51.39
3992 -42 51.39
3993 12 51.39
3994 -15 51.39
3995 -133 51.39
3996 -289 51.39
3997 -353 51.39
3998 -463 51.39
3999 -481 51.39
4000 -517 51.39
4001 -536 51.39
4002 -527 51.39
4003 -527 51.39
4004 -527 51.39
4005 -545 51.39
4006 -591 51.39
4007 -581 51.39
4008 -554 51.39
4009 -508 51.39
4010 -453 51.39
4011 -426 51.39
4012 -399 51.39
4013 -426 51.39
4014 -408 51.39
4015 -362 51.39
4016 -289 51.39
4017 -225 51.39
4018 -161 51.39
4019 -133 51.39
4020 -179 51.39
4021 -188 51.39
4022 -188 51.39
4023 -161 51.39
4024 -207 51.39
4025 -243 51.39
4026 -225 51.39
4027 -243 51.39
4028 -234 51.39
4029 -216 51.39
4030 -207 51.39
4031 -152 51.39
4032 -152 51.39
4033 -124 51.39
4034 -69 51.39
4035 3 51.39
4036 85 51.39
4037 131 51.39
4038 158 51.39
4039 113 51.39
4040 167 51.39
4041 286 51.39
4042 341 51.39
4043 396 51.39
4044 469 51.39
4045 561 51.39
4046 634 51.39
4047 698 51.39
4048 734 51.39
4049 807 51.39
4050 798 51.39
4051 771 51.39
4052 762 51.39
4053 753 51.39
4054 707 51.39
4055 707 51.39
4056 625 51.39
4057 579 51.39
4058 579 51.39
4059 579 51.39
4060 469 51.39
4061 442 51.39
4062 405 51.39
4063 423 51.39
4064 323 51.39
4065 222 51.39
4066 204 51.39
4067 195 51.39
4068 122 51.39
4069 76 51.39
4070 149 51.39
4071 167 51.39
4072 94 51.39
4073 122 51.39
4074 103 51.39
4075 58 51.39
4076 -33 51.39
4077 21 51.39
4078 30 51.39
4079 49 51.39
4080 -33 51.39
4081 -42 51.39
4082 21 51.39
4083 21 51.39
4084 -88 51.39
4085 -115 51.39
4086 -42 51.39
4087 3 51.39
4088 -5 51.39
4089 -51 51.39
4090 -5 51.39
4091 131 51.39
4092 177 51.39
4093 67 51.39
4094 113 51.39
4095 241 51.39
4096 268 51.39
4097 186 51.39
4098 195 51.39
4099 277 51.39
4100 332 51.39
4101 259 51.39
4102 268 51.39
4103 350 51.39
4104 369 51.39
4105 341 51.39
4106 396 51.39
4107 478 51.39
4108 524 51.39
4109 451 51.39
4110 451 51.39
4111 515 51.39
4112 524 51.39
4113 551 51.39
4114 551 51.39
4115 606 51.39
4116 716 51.39
4117 762 51.39
4118 789 51.39
4119 780 51.39
4120 862 51.39
4121 890 51.39
4122 835 51.39
4123 826 51.39
4124 908 51.39
4125 990 51.39
4126 981 51.39
4127 945 51.39
4128 990 51.39
4129 1036 51.39
4130 972 51.39
4131 963 51.39
4132 1018 51.39
4133 981 51.39
4134 871 51.39
4135 881 51.39
4136 871 51.39
4137 780 51.39
4138 661 51.39
4139 643 51.39
4140 643 51.39
4141 542 51.39
4142 405 51.39
4143 341 51.39
4144 359 51.39
4145 314 51.39
4146 204 51.39
4147 186 51.39
4148 149 51.39
4149 85 51.39
4150 -15 51.39
4151 -42 51.39
4152 -33 51.39
4153 -24 51.39
4154 -60 51.39
4155 -42 51.39
4156 76 51.39
4157 94 51.39
4158 131 51.39
4159 167 51.39
4160 277 51.39
4161 286 51.39
4162 222 51.39
4163 241 51.39
4164 341 51.39
4165 451 51.39
4166 414 51.39
4167 369 51.39
4168 460 51.39
4169 533 51.39
4170 533 51.39
4171 442 51.39
4172 460 51.39
4173 533 51.39
4174 515 51.39
4175 451 51.39
4176 369 51.39
4177 396 51.39
4178 442 51.39
4179 405 51.39
4180 414 51.39
4181 433 51.39
4182 414 51.39
4183 378 51.39
4184 369 51.39
4185 405 51.39
4186 387 51.39
4187 350 51.39
4188 332 51.39
4189 341 51.39
4190 341 51.39
4191 369 51.39
4192 405 51.39
4193 378 51.39
4194 405 51.39
4195 442 51.39
4196 423 51.39
4197 414 51.39
4198 414 51.39
4199 460 51.39
4200 515 51.39
4201 533 51.39
4202 551 51.39
4203 570 51.39
4204 588 51.39
4205 579 51.39
4206 551 51.39
4207 551 51.39
4208 606 51.39
4209 625 51.39
4210 606 51.39
4211 634 51.39
4212 606 51.39
4213 588 51.39
4214 533 51.39
4215 515 51.39
4216 606 51.39
4217 597 51.39
4218 561 51.39
4219 515 51.39
4220 524 51.39
4221 588 51.39
4222 515 51.39
4223 497 51.39
4224 478 51.39
4225 506 51.39
4226 497 51.39
4227 423 51.39
4228 423 51.39
4229 405 51.39
4230 451 51.39
4231 414 51.39
4232 341 51.39
4233 387 51.39
4234 524 51.39
4235 606 51.39
4236 579 51.39
4237 487 51.39
4238 615 51.39
4239 689 51.39
4240 588 51.39
4241 533 51.39
4242 625 51.39
4243 689 51.39
4244 698 51.39
4245 689 51.39
4246 725 51.39
4247 743 51.39
4248 835 51.39
4249 753 51.39
4250 762 51.39
4251 972 51.39
4252 1173 51.39
4253 1100 51.39
4254 954 51.39
4255 1063 51.39
4256 1329 51.39
4257 1383 51.39
4258 1146 51.39
4259 1036 51.39
4260 1356 51.39
4261 1557 51.39
4262 1246 51.39
