3664 1182 983.01 0 0 -12.40711
3665 1155 989.44 0 0 -18.97558
3666 1173 995.87 0 0 -20.95655
3667 1164 1002.30 0 0 -22.83325
3668 1146 1008.73 0 0 -23.87587
3669 1118 1015.15 0 0 -24.70996
3670 1073 1021.58 0 0 -20.95655
3671 1054 1028.01 0 0 -22.83325
3672 1009 1034.44 0 0 -28.56763
3673 972 1040.87 0 0 -31.48695
3674 945 1047.30 0 0 -32.42530
3675 954 1053.73 0 0 -29.61025
3676 954 1060.15 0 0 -32.42530
3677 890 1066.58 0 0 -35.34462
3678 844 1073.01 0 0 -30.54860
3679 807 1079.44 0 0 -32.42530
3680 789 1085.87 0 0 -38.15968
3681 743 1092.30 0 0 -40.97474
3682 670 1098.73 0 0 -33.36366
3683 679 1105.15 0 0 -29.50599
3684 634 1111.58 0 0 -28.56763
3685 588 1118.01 0 0 -27.62928
3686 561 1124.44 0 0 -23.77161
3687 570 1130.87 0 0 -11.36450
3688 561 1137.30 0 0 -11.36450
3689 533 1143.73 0 0 -4.79603
3690 524 1150.15 0 0 2.81506
3691 515 1156.58 0 0 6.67273
3692 561 1163.01 0 0 9.48779
3693 570 1169.44 0 0 11.36450
3694 588 1175.87 0 0 21.89490
3695 615 1182.30 0 0 25.75257
3696 625 1188.73 0 0 31.48695
3697 661 1195.15 0 0 32.32104
3698 670 1201.58 0 0 34.30201
3699 743 1208.01 0 0 32.42530
3700 771 1214.44 0 0 33.36366
3701 817 1220.87 0 0 34.30201
3702 871 1227.30 0 0 33.36366
3703 899 1233.73 0 0 33.36366
3704 899 1240.15 0 0 25.75257
3705 935 1246.58 0 0 20.95655
3706 954 1253.01 0 0 18.03723
3707 981 1259.44 0 0 14.38808
3708 990 1265.87 0 0 14.28382
3709 990 1272.30 0 0 18.14149
3710 972 1278.73 0 0 15.32643
3711 990 1285.15 0 0 19.07984
3712 1009 1291.58 0 0 13.34546
3713 1036 1298.01 0 0 10.53040
3714 1073 1304.44 0 0 13.34546
3715 1082 1310.87 0 0 15.22217
3716 1137 1317.30 0 0 15.32643
3717 1109 1323.73 0 0 12.30285
3718 1091 1330.15 0 0 10.53040
3719 1118 1336.58 0 0 3.75341
3720 1118 1343.01 0 0 1.87671
3721 1137 1349.44 0 0 -3.85767
3722 1127 1355.87 0 0 0.93835
3723 1137 1362.30 0 0 1.87671
3724 1109 1368.73 0 0 0.00000
3725 1100 1375.15 0 0 -2.81506
3726 1100 1381.58 0 0 -5.73438
3727 1118 1388.01 0 0 -5.63012
3728 1109 1394.44 0 0 -8.65370
3729 1118 1400.87 0 0 -9.48779
3730 1091 1407.30 0 0 -11.46876
3731 1082 1413.73 0 0 -8.54944
3732 1073 1420.15 0 0 -12.40711
3733 1054 1426.58 0 0 -6.67273
3734 1018 1433.01 0 0 -7.61108
3735 990 1439.44 0 0 -8.54944
3736 1018 1445.87 0 0 -7.61108
3737 999 1452.30 0 0 -10.53040
3738 1045 1458.73 0 0 -6.67273
3739 1045 1465.15 0 0 -1.98097
3740 1009 1471.58 0 0 0.00000
3741 1009 1478.01 0 0 -4.79603
3742 972 1484.44 0 0 -1.87671
3743 990 1490.87 0 0 -7.61108
3744 999 1497.30 0 0 -9.48779
3745 990 1503.73 0 0 -6.67273
3746 972 1510.15 0 0 -8.65370
3747 981 1516.58 0 0 -7.61108
3748 972 1523.01 0 0 -8.54944
3749 954 1529.44 0 0 -15.22217
3750 945 1535.87 0 0 -13.34546
3751 926 1542.30 0 0 -16.16052
3752 899 1548.73 0 0 -20.01819
3753 908 1555.15 0 0 -21.89490
3754 853 1561.58 0 0 -23.87587
3755 862 1568.01 0 0 -21.99916
3756 817 1574.44 0 0 -24.70996
3757 789 1580.87 0 0 -21.89490
3758 762 1587.30 0 0 -24.81422
3759 725 1593.73 0 0 -25.75257
3760 734 1600.15 0 0 -29.50599
3761 689 1606.58 0 0 -31.48695
3762 689 1613.01 0 0 -34.30201
3763 670 1619.44 0 0 -33.36366
3764 606 1625.87 0 0 -35.24036
3765 579 1632.30 0 0 -38.05542
3766 515 1638.73 0 0 -34.40627
3767 460 1645.15 0 0 -36.28298
3768 442 1651.58 0 0 -36.17871
3769 387 1658.01 0 0 -27.62928
3770 369 1664.44 0 0 -24.81422
3771 359 1670.87 0 0 -18.14149
3772 341 1677.30 0 0 -8.54944
3773 323 1683.73 0 0 -8.65370
3774 341 1690.15 0 0 -2.91932
3775 341 1696.58 0 0 0.93835
3776 341 1703.01 0 0 6.67273
3777 378 1709.44 0 0 10.53040
3778 359 1715.87 0 0 15.22217
3779 359 1722.30 0 0 20.95655
3780 378 1728.73 0 0 24.81422
3781 423 1735.15 0 0 27.62928
3782 442 1741.58 0 0 24.70996
3783 469 1748.01 0 0 29.61025
3784 542 1754.44 0 0 41.07900
3785 579 1760.87 0 0 44.72815
3786 606 1767.30 0 0 39.09804
3787 615 1773.73 0 0 45.77077
3788 643 1780.15 0 0 49.62844
3789 753 1786.58 0 0 48.69009
3790 807 1793.01 0 0 43.78980
3791 798 1799.44 0 0 45.77077
3792 881 1805.87 0 0 51.50515
3793 945 1812.30 0 0 53.38185
3794 1009 1818.73 0 0 40.97474
3795 999 1825.15 0 0 41.07900
3796 1045 1831.58 0 0 43.89406
3797 1109 1838.01 0 0 38.05542
3798 1155 1844.44 0 0 34.30201
3799 1146 1850.87 0 0 28.56763
3800 1201 1857.30 0 0 26.69093
3801 1219 1863.73 0 0 23.87587
3802 1246 1870.15 0 0 21.89490
3803 1274 1876.58 0 0 14.28382
3804 1283 1883.01 0 0 10.42614
3805 1255 1889.44 0 0 -6.67273
3806 1274 1895.87 0 0 12.40711
3807 1319 1902.30 0 0 -1.87671
3808 1292 1908.73 0 0 -17.20314
3809 1246 1915.15 0 0 -21.89490
3810 1137 1921.58 0 0 8.65370
3811 1338 1928.01 0 0 -29.61025
3812 1228 1934.44 0 0 -45.66651
3813 1109 1940.87 0 0 -43.89406
3814 1073 1947.30 0 0 -25.75257
3815 1338 1953.73 0 0 -46.70912
3816 990 1960.15 0 0 -67.66566
3817 881 1966.58 0 0 -58.17788
3818 871 1973.01 0 0 -23.77161
3819 999 1979.44 0 0 -44.83242
3820 689 1985.87 0 0 -82.99210
3821 689 1992.30 0 0 -59.11623
3822 670 1998.73 0 0 -1.04261
3823 881 2005.15 0 0 -40.97474
3824 643 2011.58 0 0 -75.27676
3825 542 2018.01 0 0 -56.30117
3826 423 2024.44 0 0 25.64831
3827 871 2030.87 0 0 -18.03723
3828 478 2037.30 0 0 -82.05375
3829 277 2043.73 0 0 -40.97474
3830 149 2050.15 0 0 18.14149
3831 935 2056.58 0 0 9.59205
3832 497 2063.01 0 0 -68.60402
3833 94 2069.44 0 0 -6.67273
3834 250 2075.87 0 0 51.50515
3835 716 2082.30 0 0 42.95571
3836 515 2088.73 0 0 -36.17871
3837 213 2095.15 0 0 -1.98097
3838 414 2101.58 0 0 96.33756
3839 771 2108.01 0 0 54.32021
3840 561 2114.44 0 0 6.67273
3841 588 2120.87 0 0 -0.93835
3842 478 2127.30 0 0 77.25772
3843 1018 2133.73 0 0 87.68386
3844 771 2140.15 0 0 -29.61025
3845 780 2146.58 0 0 -44.83242
3846 506 2153.01 0 0 55.25856
3847 954 2159.44 0 0 72.46169
3848 1255 2165.87 0 0 -101.02933
3849 487 2172.30 0 0 34.30201
3850 131 2178.73 0 0 107.70206
3851 1118 2185.15 0 0 70.48073
3852 1173 2191.58 0 0 53.38185
3853 49 2198.01 0 0 39.09804
3854 1100 2204.44 0 0 163.06488
3855 1813 2210.87 0 0 213.52740
3856 1182 2217.30 0 0 141.06572
3857 1466 2223.73 0 0 101.02933
3858 1630 2230.15 0 0 251.58282
3859 2051 2236.58 0 0 162.02226
3860 2179 2243.01 0 0 17.20314
3861 2471 2249.44 0 0 89.66483
3862 2142 2255.87 0 0 53.38185
3863 2462 2262.30 0 0 123.96684
3864 2654 2268.73 0 0 63.80799
3865 1978 2275.15 0 0 -52.44350
3866 2042 2281.58 0 0 -0.93835
3867 1978 2288.01 0 0 138.25066
3868 2819 2294.44 0 0 105.82536
3869 2663 2300.87 0 0 59.11623
3870 1676 2307.30 0 0 145.86174
3871 2462 2313.73 0 0 263.98993
3872 3468 2320.15 0 0 243.03340
3873 3477 2320.15 0 0 186.83649
3874 3221 2320.15 0 0 202.16292
3875 3377 2320.15 0 0 336.45163
3876 4574 2320.15 0 0 306.94565
3877 4309 2320.15 0 0 169.63335
3878 4611 2320.15 0 0 225.93452
3879 4602 2320.15 0 0 278.37802
3880 4903 2320.15 0 0 298.29196
3881 5406 2320.15 0 0 186.83649
3882 5095 2320.15 0 0 124.90520
3883 5644 2320.15 0 0 289.74252
3884 5891 2320.15 0 0 335.51328
3885 6238 2320.15 0 0 249.81039
3886 6366 2320.15 0 0 133.45464
3887 5507 2320.15 0 0 310.80331
3888 7390 2320.15 0 0 342.18600
3889 7820 2320.15 0 0 263.98993
3890 7299 2320.15 0 0 124.90520
3891 6686 2320.15 0 0 50.56680
3892 8076 2320.15 0 0 260.23654
3893 8926 2320.15 0 0 177.34869
3894 8423 2320.15 0 0 -51.50515
3895 7436 2320.15 0 0 -58.17788
3896 6851 2320.15 0 0 40.97474
3897 8003 2320.15 0 0 18.14149
3898 9091 2320.15 0 0 -120.10917
3899 7326 2320.15 0 0 -102.90603
3900 6741 2320.15 0 0 142.00407
3901 7079 2320.15 0 0 261.17490
3902 8250 2320.15 0 0 54.32021
3903 7774 2320.15 0 0 -69.64664
3904 7436 2320.15 0 0 344.16699
3905 8798 2320.15 0 0 299.33456
3906 9356 2320.15 0 0 214.57002
3907 8524 2320.15 0 0 38.05542
3908 8423 2320.15 0 0 180.16376
3909 10627 2320.15 20000 0 220.20013
3910 9612 2320.15 0 0 -33.36366
3911 9137 2320.15 0 0 -314.55673
3912 8615 2320.15 0 0 -274.52036
3913 9502 2320.15 0 0 -100.09097
3914 9548 2320.15 0 0 -447.07303
3915 8478 2320.15 0 0 -698.76013
3916 6339 2320.15 0 0 -476.68326
3917 5891 2320.15 0 0 -349.79709
3918 7463 2320.15 0 0 -549.97906
3919 6339 2320.15 0 0 -901.75714
3920 2910 2320.15 0 0 -750.16101
3921 4565 2320.15 0 0 -416.62866
3922 5260 2320.15 0 0 -340.30930
3923 4227 2320.15 0 0 -666.23053
3924 899 2320.15 0 0 -641.52057
3925 1283 2320.15 0 0 -143.88077
3926 2343 2320.15 0 0 -284.00815
3927 2627 2320.15 0 0 -429.86987
3928 1073 2320.15 0 0 -387.95679
3929 186 2320.15 0 0 -61.93129
3930 1530 2320.15 0 0 -5.73438
3931 1841 2320.15 0 0 -166.81828
3932 1137 2320.15 0 0 -135.33133
3933 506 2320.15 0 0 -41.07900
3934 305 2320.15 0 0 185.89813
3935 1228 2320.15 0 0 62.86964
3936 743 2320.15 0 0 47.64747
3937 1329 2320.15 0 0 227.81122
3938 679 2320.15 0 0 260.23654
3939 1969 2320.15 0 0 284.00815
3940 2133 2320.15 0 0 160.14555
3941 2298 2320.15 0 0 284.11240
3942 3322 2320.15 0 0 289.74252
3943 3002 2320.15 0 0 306.00729
3944 3029 2320.15 0 0 221.13849
3945 2764 2320.15 0 0 -6.67273
3946 3468 2320.15 0 0 133.45464
3947 4108 2320.15 0 0 -115.41740
3948 3614 2320.15 0 0 -214.46576
3949 4090 2320.15 0 0 -144.92339
3950 2069 2320.15 0 0 -84.86880
3951 3578 2320.15 0 0 -135.33133
3952 2215 2320.15 0 0 -162.96062
3953 945 2320.15 0 0 -204.87372
3954 1639 2320.15 0 0 -327.90219
3955 1950 2320.15 0 0 -141.06572
3956 2170 2320.15 0 0 -201.12030
3957 2545 2320.15 0 0 -262.94733
3958 1649 2320.15 0 0 -108.64041
3959 945 2320.15 0 0 -188.60893
3960 716 2320.15 0 0 -173.49103
3961 1649 2320.15 0 0 -155.45380
3962 -307 2320.15 0 0 -338.32834
3963 -97 2320.15 0 0 -181.10211
3964 -170 2320.15 0 0 -197.26262
3965 286 2320.15 0 0 -159.10294
3966 679 2320.15 0 0 -207.79303
3967 -700 2320.15 0 0 -32.42530
3968 -88 2320.15 0 0 -13.34546
3969 -947 2320.15 0 0 -27.62928
3970 -810 2320.15 0 0 -13.34546
3971 -344 2320.15 0 0 -111.35120
3972 -618 2320.15 0 0 62.86964
3973 -225 2320.15 0 0 -19.07984
3974 -435 2320.15 0 0 96.23330
3975 158 2320.15 0 0 140.02310
3976 -389 2320.15 0 0 152.43021
3977 -97 2320.15 0 0 215.29985
3978 -271 2320.15 0 0 158.16460
3979 -24 2320.15 0 0 121.88161
3980 533 2320.15 0 0 127.72025
3981 1118 2320.15 0 0 92.37563
3982 1447 2320.15 0 0 72.35743
3983 1292 2320.15 0 0 45.66651
3984 734 2320.15 0 0 58.07362
3985 1383 2320.15 0 0 20.01819
3986 497 2320.15 0 0 -22.83325
3987 597 2320.15 0 0 -74.33840
3988 167 2320.15 0 0 -60.05458
3989 533 2320.15 0 0 -14.28382
3990 725 2320.15 0 0 -59.01197
3991 899 2320.15 0 0 45.66651
3992 734 2320.15 0 0 67.66566
3993 716 2320.15 0 0 143.04668
3994 597 2320.15 0 0 80.07278
3995 817 2320.15 0 0 10.53040
3996 935 2320.15 0 0 -2.91932
3997 1246 2320.15 0 0 81.01113
3998 1539 2320.15 0 0 28.56763
3999 1301 2320.15 0 0 8.54944
4000 826 2320.15 0 0 -51.50515
4001 871 2320.15 0 0 -35.24036
4002 1511 2320.15 0 0 -48.58583
4003 990 2320.15 0 0 -78.19608
4004 679 2320.15 0 0 -67.66566
4005 323 2320.15 0 0 -8.65370
4006 597 2320.15 0 0 -18.97558
4007 780 2320.15 0 0 -77.15346
4008 789 2320.15 0 0 -24.70996
4009 652 2320.15 0 0 10.53040
4010 743 2320.15 0 0 26.69093
4011 689 2320.15 0 0 13.34546
4012 771 2320.15 0 0 -14.28382
4013 753 2320.15 0 0 -15.22217
4014 780 2320.15 0 0 10.53040
4015 579 2320.15 0 0 -52.33924
4016 725 2320.15 0 0 -39.09804
4017 643 2320.15 0 0 -74.33840
4018 643 2320.15 0 0 -56.30117
4019 753 2320.15 0 0 -68.60402
4020 241 2320.15 0 0 -69.54237
4021 314 2320.15 0 0 -114.27053
4022 58 2320.15 0 0 -93.31398
4023 213 2320.15 0 0 -120.00491
4024 122 2320.15 0 0 -163.89897
4025 -88 2320.15 0 0 -96.23330
4026 -371 2320.15 0 0 -101.96768
4027 -252 2320.15 0 0 -63.80799
4028 -508 2320.15 0 0 -44.72815
4029 -819 2320.15 0 0 -53.27759
4030 -682 2320.15 0 0 -36.17871
4031 -664 2320.15 0 0 3.75341
4032 -554 2320.15 0 0 24.70996
4033 -216 2320.15 0 0 76.11085
4034 -389 2320.15 0 0 82.88784
4035 -435 2320.15 0 0 60.99294
4036 -335 2320.15 0 0 67.66566
4037 -15 2320.15 0 0 76.21510
4038 222 2320.15 0 0 33.25940
4039 -24 2320.15 0 0 48.48156
4040 -97 2320.15 0 0 64.74635
4041 -15 2320.15 0 0 88.62222
4042 177 2320.15 0 0 81.01113
4043 103 2320.15 0 0 52.44350
4044 76 2320.15 0 0 95.29494
4045 186 2320.15 0 0 108.64041
4046 515 2320.15 0 0 124.80093
4047 762 2320.15 0 0 109.57877
4048 725 2320.15 0 0 121.15178
4049 890 2320.15 0 0 138.25066
4050 945 2320.15 0 0 152.53447
4051 1182 2320.15 0 0 100.09097
4052 1228 2320.15 0 0 62.86964
4053 1265 2320.15 0 0 54.32021
4054 1402 2320.15 0 0 42.85145
4055 1649 2320.15 0 0 8.54944
4056 1475 2320.15 0 0 -36.17871
4057 1365 2320.15 0 0 -50.56680
4058 1246 2320.15 0 0 -41.07900
4059 1301 2320.15 0 0 -70.58499
4060 1027 2320.15 0 0 -110.62138
4061 835 2320.15 0 0 -93.41824
4062 743 2320.15 0 0 -79.13442
4063 871 2320.15 0 0 -65.78896
4064 725 2320.15 0 0 -71.52334
4065 588 2320.15 0 0 -38.15968
4066 579 2320.15 0 0 -2.91932
4067 606 2320.15 0 0 11.46876
4068 615 2320.15 0 0 -15.22217
4069 615 2320.15 0 0 -9.48779
4070 661 2320.15 0 0 14.28382
4071 807 2320.15 0 0 34.30201
4072 853 2320.15 0 0 48.69009
4073 725 2320.15 0 0 39.09804
4074 634 2320.15 0 0 29.61025
4075 725 2320.15 0 0 49.62844
4076 908 2320.15 0 0 41.07900
4077 1073 2320.15 0 0 31.48695
4078 990 2320.15 0 0 46.70912
4079 899 2320.15 0 0 69.54237
4080 1137 2320.15 0 0 75.27676
4081 1201 2320.15 0 0 62.86964
4082 1155 2320.15 0 0 54.32021
4083 1173 2320.15 0 0 77.25772
4084 1301 2320.15 0 0 103.84438
4085 1447 2320.15 0 0 68.60402
4086 1511 2320.15 0 0 62.86964
4087 1594 2320.15 0 0 57.13527
4088 1731 2320.15 0 0 50.56680
4089 1895 2320.15 0 0 33.36366
4090 1795 2320.15 0 0 6.67273
4091 1804 2320.15 0 0 -18.03723
4092 1703 2320.15 0 0 -39.09804
4093 1658 2320.15 0 0 -65.78896
4094 1621 2320.15 0 0 -92.37563
4095 1511 2320.15 0 0 -95.29494
4096 1338 2320.15 0 0 -106.76370
4097 1219 2320.15 0 0 -112.39382
4098 1100 2320.15 0 0 -128.76286
4099 1009 2320.15 0 0 -139.18901
4100 881 2320.15 0 0 -123.86258
4101 780 2320.15 0 0 -103.01029
4102 625 2320.15 0 0 -100.09097
4103 423 2320.15 0 0 -101.96768
4104 286 2320.15 0 0 -104.88700
4105 323 2320.15 0 0 -95.29494
4106 350 2320.15 0 0 -77.25772
4107 259 2320.15 0 0 -54.42447
4108 122 2320.15 0 0 -46.60486
4109 3 2320.15 0 0 -45.66651
4110 -33 2320.15 0 0 -45.66651
4111 39 2320.15 0 0 -39.93213
4112 103 2320.15 0 0 -25.75257
4113 -24 2320.15 0 0 -18.97558
4114 -152 2320.15 0 0 -10.42614
4115 -115 2320.15 0 0 -1.87671
4116 -33 2320.15 0 0 -8.44518
4117 12 2320.15 0 0 -12.30285
4118 -60 2320.15 0 0 6.56847
4119 -97 2320.15 0 0 30.44434
4120 -51 2320.15 0 0 38.05542
4121 -42 2320.15 0 0 31.38269
4122 -15 2320.15 0 0 32.42530
4123 39 2320.15 0 0 45.66651
4124 140 2320.15 0 0 68.60402
4125 250 2320.15 0 0 63.80799
4126 268 2320.15 0 0 47.54321
4127 323 2320.15 0 0 47.64747
4128 378 2320.15 0 0 63.91226
4129 561 2320.15 0 0 65.78896
4130 561 2320.15 0 0 48.58583
4131 414 2320.15 0 0 49.52418
4132 442 2320.15 0 0 46.70912
4133 652 2320.15 0 0 36.17871
4134 771 2320.15 0 0 4.69176
4135 716 2320.15 0 0 12.30285
4136 743 2320.15 0 0 47.64747
4137 771 2320.15 0 0 48.58583
4138 725 2320.15 0 0 14.28382
4139 606 2320.15 0 0 0.00000
4140 679 2320.15 0 0 17.20314
4141 871 2320.15 0 0 26.69093
4142 908 2320.15 0 0 31.48695
4143 789 2320.15 0 0 39.09804
4144 771 2320.15 0 0 48.69009
4145 881 2320.15 0 0 38.15968
4146 999 2320.15 0 0 17.20314
4147 1073 2320.15 0 0 20.95655
4148 1100 2320.15 0 0 44.83242
4149 1073 2320.15 0 0 45.77077
4150 1045 2320.15 0 0 23.77161
4151 1036 2320.15 0 0 -0.93835
4152 1109 2320.15 0 0 -16.26478
4153 1219 2320.15 0 0 -2.81506
4154 1210 2320.15 0 0 6.67273
4155 1109 2320.15 0 0 10.53040
4156 990 2320.15 0 0 20.01819
4157 917 2320.15 0 0 20.95655
4158 1073 2320.15 0 0 0.00000
4159 1137 2320.15 0 0 2.81506
4160 1146 2320.15 0 0 21.89490
4161 1228 2320.15 0 0 38.15968
4162 1310 2320.15 0 0 41.91309
4163 1219 2320.15 0 0 20.01819
4164 1237 2320.15 0 0 15.22217
4165 1319 2320.15 0 0 24.70996
4166 1356 2320.15 0 0 25.75257
4167 1319 2320.15 0 0 19.07984
4168 1265 2320.15 0 0 28.56763
4169 1283 2320.15 0 0 24.81422
4170 1383 2320.15 0 0 15.32643
4171 1475 2320.15 0 0 15.22217
4172 1493 2320.15 0 0 13.34546
4173 1493 2320.15 0 0 10.42614
4174 1475 2320.15 0 0 0.00000
4175 1466 2320.15 0 0 -8.54944
4176 1502 2320.15 0 0 -6.67273
4177 1447 2320.15 0 0 3.85767
4178 1365 2320.15 0 0 9.59205
4179 1283 2320.15 0 0 0.93835
4180 1301 2320.15 0 0 -13.34546
4181 1411 2320.15 0 0 -25.75257
4182 1530 2320.15 0 0 -18.03723
4183 1585 2320.15 0 0 -0.93835
4184 1484 2320.15 0 0 3.75341
4185 1338 2320.15 0 0 4.79603
4186 1255 2320.15 0 0 -10.53040
4187 1274 2320.15 0 0 -39.09804
4188 1356 2320.15 0 0 -48.69009
4189 1319 2320.15 0 0 -29.50599
4190 1347 2320.15 0 0 -9.59205
4191 1310 2320.15 0 0 -14.28382
4192 1155 2320.15 0 0 -29.61025
4193 1118 2320.15 0 0 -40.03639
4194 1201 2320.15 0 0 -28.56763
4195 1246 2320.15 0 0 -25.75257
4196 1118 2320.15 0 0 -22.83325
4197 990 2320.15 0 0 -15.22217
4198 972 2320.15 0 0 -18.03723
4199 1045 2320.15 0 0 -28.67189
4200 1100 2320.15 0 0 -24.70996
4201 1091 2320.15 0 0 -11.36450
4202 1009 2320.15 0 0 7.61108
4203 945 2320.15 0 0 5.73438
4204 926 2320.15 0 0 -3.75341
4205 1009 2320.15 0 0 -20.95655
4206 1009 2320.15 0 0 -22.93752
4207 1063 2320.15 0 0 -17.20314
4208 1027 2320.15 0 0 -17.20314
4209 1009 2320.15 0 0 -28.56763
4210 899 2320.15 0 0 -36.28298
4211 871 2320.15 0 0 -22.93752
4212 844 2320.15 0 0 -29.50599
4213 780 2320.15 0 0 -28.56763
4214 652 2320.15 0 0 -25.75257
4215 661 2320.15 0 0 -29.61025
4216 789 2320.15 0 0 -32.32104
4217 780 2320.15 0 0 -29.50599
4218 753 2320.15 0 0 -23.87587
4219 762 2320.15 0 0 -1.87671
4220 615 2320.15 0 0 0.00000
4221 561 2320.15 0 0 -13.34546
4222 561 2320.15 0 0 -13.34546
4223 551 2320.15 0 0 -10.53040
4224 634 2320.15 0 0 4.69176
4225 661 2320.15 0 0 32.42530
4226 661 2320.15 0 0 40.03639
4227 652 2320.15 0 0 38.05542
4228 652 2320.15 0 0 45.77077
4229 807 2320.15 0 0 47.64747
4230 926 2320.15 0 0 46.70912
4231 945 2320.15 0 0 51.50515
4232 926 2320.15 0 0 59.11623
4233 990 2320.15 0 0 63.91226
4234 1091 2320.15 0 0 53.38185
4235 1109 2320.15 0 0 51.50515
4236 1155 2320.15 0 0 62.86964
4237 1219 2320.15 0 0 60.99294
4238 1265 2320.15 0 0 51.50515
4239 1319 2320.15 0 0 41.91309
4240 1420 2320.15 0 0 50.56680
4241 1548 2320.15 0 0 54.32021
4242 1511 2320.15 0 0 59.11623
4243 1484 2320.15 0 0 60.99294
4244 1493 2320.15 0 0 52.44350
4245 1594 2320.15 0 0 37.22133
4246 1676 2320.15 0 0 25.75257
4247 1786 2320.15 0 0 42.95571
4248 1850 2320.15 0 0 54.32021
4249 1822 2320.15 0 0 59.11623
4250 1777 2320.15 0 0 45.77077
4251 1795 2320.15 0 0 25.75257
4252 1923 2320.15 0 0 16.16052
4253 2005 2320.15 0 0 17.09888
4254 2060 2320.15 0 0 9.59205
4255 2033 2320.15 0 0 22.83325
4256 1923 2320.15 0 0 41.91309
4257 1941 2320.15 0 0 17.09888
4258 2014 2320.15 0 0 -2.81506
4259 1914 2320.15 0 0 4.79603
4260 1996 2320.15 0 0 16.16052
4261 2197 2320.15 0 0 27.62928
4262 2087 2320.15 0 0 13.34546
4263 1978 2320.15 0 0 5.73438
4264 2106 2320.15 0 0 34.30201
4265 2188 2320.15 0 0 24.81422
4266 2188 2320.15 0 0 -22.83325
4267 2069 2320.15 0 0 6.67273
4268 2069 2320.15 0 0 17.09888
4269 2243 2320.15 0 0 -23.87587
4270 2234 2320.15 0 0 -23.87587
4271 1978 2320.15 0 0 -16.16052
4272 2151 2320.15 0 0 -4.79603
4273 2142 2320.15 0 0 -25.75257
4274 1877 2320.15 0 0 -64.85061
4275 1959 2320.15 0 0 -60.99294
4276 2033 2320.15 0 0 -32.42530
4277 2023 2320.15 0 0 -60.99294
4278 1822 2320.15 0 0 -67.66566
4279 1621 2320.15 0 0 -39.09804
4280 1649 2320.15 0 0 -72.35743
4281 1667 2320.15 0 0 -98.21426
4282 1566 2320.15 0 0 -91.43727
4283 1493 2320.15 0 0 -86.74551
4284 1502 2320.15 0 0 -56.19691
4285 1265 2320.15 0 0 -62.97390
4286 1091 2320.15 0 0 -84.86880
4287 1146 2320.15 0 0 -86.74551
4288 990 2320.15 0 0 -97.17165
4289 1082 2320.15 0 0 -91.43727
4290 1045 2320.15 0 0 -68.70828
4291 853 2320.15 0 0 -67.66566
4292 734 2320.15 0 0 -76.31937
4293 561 2320.15 0 0 -58.07362
4294 625 2320.15 0 0 -91.54153
4295 606 2320.15 0 0 -96.23330
4296 442 2320.15 0 0 -47.64747
4297 414 2320.15 0 0 -45.77077
4298 433 2320.15 0 0 -36.28298
4299 204 2320.15 0 0 -30.54860
4300 122 2320.15 0 0 -21.89490
4301 396 2320.15 0 0 2.81506
4302 295 2320.15 0 0 -2.81506
4303 213 2320.15 0 0 2.81506
4304 332 2320.15 0 0 55.25856
4305 396 2320.15 0 0 58.07362
4306 469 2320.15 0 0 17.20314
4307 387 2320.15 0 0 48.69009
4308 460 2320.15 0 0 68.60402
4309 734 2320.15 0 0 49.52418
4310 679 2320.15 0 0 48.58583
4311 561 2320.15 0 0 55.25856
4312 762 2320.15 0 0 78.19608
4313 871 2320.15 0 0 81.94949
4314 807 2320.15 0 0 45.77077
4315 862 2320.15 0 0 73.40005
4316 999 2320.15 0 0 99.04836
4317 1137 2320.15 0 0 71.41908
4318 1246 2320.15 0 0 94.46085
4319 1173 2320.15 0 0 126.78190
4320 1383 2320.15 0 0 115.41740
4321 1511 2320.15 0 0 112.49809
4322 1447 2320.15 0 0 111.45547
4323 1777 2320.15 0 0 104.88700
4324 2023 2320.15 0 0 114.37479
4325 1969 2320.15 0 0 90.60318
4326 2078 2320.15 0 0 94.46085
4327 2206 2320.15 0 0 113.43644
4328 2252 2320.15 0 0 61.93129
4329 2270 2320.15 0 0 43.89406
4330 2252 2320.15 0 0 58.07362
4331 2417 2320.15 0 0 28.67189
4332 2535 2320.15 0 0 9.59205
4333 2371 2320.15 0 0 3.85767
4334 2444 2320.15 0 0 -5.73438
4335 2526 2320.15 0 0 -8.54944
4336 2353 2320.15 0 0 -26.69093
4337 2298 2320.15 0 0 -45.66651
4338 2289 2320.15 0 0 -27.62928
4339 2215 2320.15 0 0 -43.89406
4340 2170 2320.15 0 0 -59.11623
4341 2161 2320.15 0 0 -47.75174
4342 2097 2320.15 0 0 -66.72732
4343 2106 2320.15 0 0 -67.76993
4344 2023 2320.15 0 0 -47.64747
4345 1959 2320.15 0 0 -62.03555
4346 1895 2320.15 0 0 -76.31937
4347 1658 2320.15 0 0 -65.78896
4348 1639 2320.15 0 0 -72.46169
4349 1758 2320.15 0 0 -85.70290
4350 1575 2320.15 0 0 -95.29494
4351 1429 2320.15 0 0 -89.56057
4352 1466 2320.15 0 0 -58.17788
4353 1411 2320.15 0 0 -66.72732
4354 1201 2320.15 0 0 -85.80716
4355 1045 2320.15 0 0 -52.33924
4356 1036 2320.15 0 0 -33.36366
4357 1100 2320.15 0 0 -47.64747
4358 999 2320.15 0 0 -49.62844
4359 935 2320.15 0 0 -14.38808
4360 1073 2320.15 0 0 16.26478
4361 1109 2320.15 0 0 14.28382
4362 1009 2320.15 0 0 9.48779
4363 935 2320.15 0 0 33.36366
4364 1063 2320.15 0 0 48.69009
4365 1201 2320.15 0 0 27.62928
4366 1173 2320.15 0 0 20.95655
4367 1191 2320.15 0 0 42.85145
4368 1319 2320.15 0 0 50.56680
4369 1402 2320.15 0 0 38.15968
4370 1338 2320.15 0 0 30.44434
4371 1310 2320.15 0 0 35.24036
4372 1420 2320.15 0 0 33.36366
4373 1420 2320.15 0 0 25.75257
4374 1429 2320.15 0 0 21.89490
4375 1493 2320.15 0 0 29.50599
4376 1511 2320.15 0 0 34.30201
4377 1511 2320.15 0 0 35.24036
4378 1566 2320.15 0 0 42.85145
4379 1612 2320.15 0 0 40.03639
4380 1621 2320.15 0 0 33.36366
4381 1639 2320.15 0 0 42.95571
4382 1758 2320.15 0 0 50.56680
4383 1831 2320.15 0 0 33.36366
4384 1813 2320.15 0 0 27.62928
4385 1813 2320.15 0 0 33.36366
4386 1923 2320.15 0 0 27.73354
4387 1996 2320.15 0 0 11.46876
4388 1886 2320.15 0 0 -0.93835
4389 1877 2320.15 0 0 4.79603
4390 1941 2320.15 0 0 -3.75341
4391 1905 2320.15 0 0 -20.95655
4392 1868 2320.15 0 0 -24.81422
4393 1822 2320.15 0 0 -20.01819
4394 1859 2320.15 0 0 -30.44434
4395 1777 2320.15 0 0 -35.24036
4396 1722 2320.15 0 0 -26.69093
4397 1758 2320.15 0 0 -25.75257
4398 1694 2320.15 0 0 -24.70996
4399 1585 2320.15 0 0 -25.75257
4400 1603 2320.15 0 0 -14.38808
4401 1649 2320.15 0 0 -10.53040
4402 1621 2320.15 0 0 -26.69093
4403 1585 2320.15 0 0 -8.54944
4404 1612 2320.15 0 0 11.36450
4405 1639 2320.15 0 0 3.75341
4406 1621 2320.15 0 0 -4.79603
4407 1502 2320.15 0 0 -4.79603
4408 1612 2320.15 0 0 0.00000
4409 1694 2320.15 0 0 2.81506
4410 1639 2320.15 0 0 7.71535
4411 1603 2320.15 0 0 4.79603
4412 1575 2320.15 0 0 21.99916
4413 1585 2320.15 0 0 25.75257
4414 1639 2320.15 0 0 11.46876
4415 1713 2320.15 0 0 19.07984
4416 1667 2320.15 0 0 26.69093
4417 1713 2320.15 0 0 38.15968
