3431 473 372.17
3432 457 372.17
3433 497 372.17
3434 449 372.17
3435 337 372.17
3436 209 372.17
3437 169 372.17
3438 193 372.17
3439 241 372.17
3440 265 372.17
3441 265 372.17
3442 209 372.17
3443 113 372.17
3444 -15 372.17
3445 -63 372.17
3446 1 372.17
3447 89 372.17
3448 153 372.17
3449 185 372.17
3450 233 372.17
3451 193 372.17
3452 121 372.17
3453 113 372.17
3454 265 372.17
3455 361 372.17
3456 321 372.17
3457 265 372.17
3458 233 372.17
3459 209 372.17
3460 129 372.17
3461 89 372.17
3462 105 372.17
3463 169 372.17
3464 201 372.17
3465 129 372.17
3466 73 372.17
3467 41 372.17
3468 33 372.17
3469 -7 372.17
3470 1 372.17
3471 49 372.17
3472 161 372.17
3473 233 372.17
3474 257 372.17
3475 297 372.17
3476 297 372.17
3477 353 372.17
3478 441 372.17
3479 545 372.17
3480 625 372.17
3481 713 372.17
3482 809 372.17
3483 849 372.17
3484 889 372.17
3485 937 372.17
3486 1009 372.17
3487 1121 372.17
3488 1201 372.17
3489 1201 372.17
3490 1257 372.17
3491 1273 372.17
3492 1297 372.17
3493 1249 372.17
3494 1209 372.17
3495 1225 372.17
3496 1241 372.17
3497 1209 372.17
3498 1097 372.17
3499 993 372.17
3500 881 372.17
3501 753 372.17
3502 673 372.17
3503 625 372.17
3504 601 372.17
3505 585 372.17
3506 449 372.17
3507 329 372.17
3508 257 372.17
3509 257 372.17
3510 217 372.17
3511 169 372.17
3512 161 372.17
3513 129 372.17
3514 81 372.17
3515 -71 372.17
3516 -103 372.17
3517 -95 372.17
3518 -135 372.17
3519 -183 372.17
3520 -263 372.17
3521 -263 372.17
3522 -223 372.17
3523 -247 372.17
3524 -287 372.17
3525 -319 372.17
3526 -295 372.17
3527 -279 372.17
3528 -263 372.17
3529 -239 372.17
3530 -231 372.17
3531 -247 372.17
3532 -263 372.17
3533 -279 372.17
3534 -263 372.17
3535 -255 372.17
3536 -183 372.17
3537 -151 372.17
3538 -207 372.17
3539 -143 372.17
3540 -151 372.17
3541 -71 372.17
3542 -39 372.17
3543 -15 372.17
3544 1 372.17
3545 41 372.17
3546 97 372.17
3547 193 372.17
3548 225 372.17
3549 289 372.17
3550 313 372.17
3551 337 372.17
3552 441 372.17
3553 569 372.17
3554 585 372.17
3555 577 372.17
3556 625 372.17
3557 729 372.17
3558 785 372.17
3559 793 372.17
3560 785 372.17
3561 793 372.17
3562 841 372.17
3563 873 372.17
3564 873 372.17
3565 897 372.17
3566 881 372.17
3567 817 372.17
3568 745 372.17
3569 705 372.17
3570 737 372.17
3571 753 372.17
3572 633 372.17
3573 545 372.17
3574 473 372.17
3575 481 372.17
3576 529 372.17
3577 489 372.17
3578 457 372.17
3579 385 372.17
3580 337 372.17
3581 329 372.17
3582 361 372.17
3583 361 372.17
3584 361 372.17
3585 321 372.17
3586 305 372.17
3587 321 372.17
3588 393 372.17
3589 393 372.17
3590 337 372.17
3591 241 372.17
3592 161 372.17
3593 169 372.17
3594 249 372.17
3595 337 372.17
3596 257 372.17
3597 137 372.17
3598 105 372.17
3599 57 372.17
3600 -15 372.17
3601 -111 372.17
3602 -167 372.17
3603 -191 372.17
3604 -191 372.17
3605 -247 372.17
3606 -359 372.17
3607 -439 372.17
3608 -463 372.17
3609 -487 372.17
3610 -471 372.17
3611 -423 372.17
3612 -375 372.17
3613 -423 372.17
3614 -495 372.17
3615 -487 372.17
3616 -399 372.17
3617 -175 372.17
3618 -63 372.17
3619 -15 372.17
3620 -87 372.17
3621 9 372.17
3622 121 372.17
3623 201 372.17
3624 233 372.17
3625 257 372.17
3626 329 372.17
3627 433 372.17
3628 545 372.17
3629 625 372.17
3630 649 372.17
3631 657 372.17
3632 633 372.17
3633 657 372.17
3634 737 372.17
3635 905 372.17
3636 913 372.17
3637 817 372.17
3638 713 372.17
3639 689 372.17
3640 697 372.17
3641 681 372.17
3642 617 372.17
3643 561 372.17
3644 521 372.17
3645 417 372.17
3646 345 372.17
3647 297 372.17
3648 281 372.17
3649 273 372.17
3650 281 372.17
3651 185 372.17
3652 105 372.17
3653 81 372.17
3654 145 372.17
3655 193 372.17
3656 129 372.17
3657 73 372.17
3658 73 372.17
3659 105 372.17
3660 73 372.17
3661 41 372.17
3662 -39 372.17
3663 -71 372.17
3664 -15 372.17
3665 -39 372.17
3666 -87 372.17
3667 -151 372.17
3668 -151 372.17
3669 -127 372.17
3670 -191 372.17
3671 -191 372.17
3672 -199 372.17
3673 -239 372.17
3674 -255 372.17
3675 -287 372.17
3676 -263 372.17
3677 -175 372.17
3678 -279 372.17
3679 -247 372.17
3680 -223 372.17
3681 -303 372.17
3682 -247 372.17
3683 -223 372.17
3684 -207 372.17
3685 -159 372.17
3686 -199 372.17
3687 -231 372.17
3688 -111 372.17
3689 -135 372.17
3690 -119 372.17
3691 -79 372.17
3692 -303 372.17
3693 -415 372.17
3694 -183 372.17
3695 81 372.17
3696 -103 372.17
3697 -503 372.17
3698 -527 372.17
3699 -239 372.17
3700 -343 47.72
3701 -351 47.73
3702 401 47.74
3703 529 47.76
3704 41 47.77
3705 -119 47.78
3706 177 47.80
3707 337 47.81
3708 649 47.82
3709 73 47.83
3710 1313 47.85
3711 1217 47.86
3712 809 47.87
3713 2577 47.89
3714 2889 47.90
3715 2049 47.91
3716 1537 47.92
3717 1817 47.92
3718 3449 47.92
3719 3369 47.92
3720 2617 47.92
3721 3673 47.92
3722 4985 47.92
3723 3833 47.92
3724 3417 47.92
3725 3977 47.92
3726 4617 47.92
3727 4665 47.92
3728 4617 47.92
3729 5033 47.92
3730 5953 47.92
3731 5753 47.92
3732 5089 47.92
3733 4369 47.92
3734 5841 47.92
3735 6937 47.92
3736 6393 47.92
3737 6113 47.92
3738 6881 47.92
3739 7777 47.92
3740 6433 47.92
3741 3633 47.92
3742 3457 47.92
3743 4361 47.92
3744 4817 47.92
3745 5409 47.92
3746 7393 47.92
3747 8817 47.92
3748 8025 47.92
3749 11033 47.92
3750 14937 47.92
3751 18929 47.92
3752 16769 47.92
3753 15705 47.92
3754 16729 47.92
3755 20057 47.92
3756 20265 47.92
3757 11697 47.92
3758 -9575 47.92
3759 3634 47.92
3760 24702 47.92
3761 31841 47.92
3762 12765 47.92
3763 -14463 47.92
3764 -24151 47.92
3765 6420 47.92
3766 28953 47.92
3767 12992 47.92
3768 2433 47.92
3769 13341 47.92
3770 23554 47.92
3771 9906 47.92
3772 -8863 47.92
3773 -5999 47.92
3774 16938 47.92
3775 31844 47.92
3776 26720 47.92
3777 17777 47.92
3778 14465 47.92
3779 10505 47.92
3780 18907 47.92
3781 25878 47.92
3782 19908 47.92
3783 4321 47.92
3784 -3335 47.92
3785 3081 47.92
3786 18026 47.92
3787 19209 47.92
3788 11114 47.92
3789 497 47.92
3790 -775 47.92
3791 3833 47.92
3792 9585 47.92
3793 7617 47.92
3794 1177 47.92
3795 -3079 47.92
3796 3433 47.92
3797 19393 47.92
3798 23684 47.92
3799 329 47.92
3800 -11351 47.92
3801 -3382 47.92
3802 13745 47.92
3803 14013 47.92
3804 7231 47.92
3805 5369 47.92
3806 14860 47.92
3807 5889 47.92
3808 -11663 47.92
3809 -16895 47.92
3810 2944 47.92
3811 21281 47.92
3812 14892 47.92
3813 393 47.92
3814 -1199 47.92
3815 6097 47.92
3816 6433 47.92
3817 -95 47.92
3818 -4183 47.92
3819 -5887 47.92
3820 -3599 47.92
3821 -2351 47.92
3822 -1255 47.92
3823 -2071 47.92
3824 -1375 47.92
3825 1025 47.92
3826 3537 47.92
3827 -599 47.92
3828 -11815 47.92
3829 -20303 47.92
3830 -12255 47.92
3831 3297 47.92
3832 9105 47.92
3833 2097 47.92
3834 -1151 47.92
3835 2433 47.92
3836 8201 47.92
3837 9609 47.92
3838 1961 47.92
3839 -2135 47.92
3840 3705 47.92
3841 11489 47.92
3842 14897 47.92
3843 8777 47.92
3844 3625 47.92
3845 6705 47.92
3846 14769 47.92
3847 16001 47.92
3848 9657 47.92
3849 6049 47.92
3850 9873 47.92
3851 13609 47.92
3852 10041 47.92
3853 4913 47.92
3854 665 47.92
3855 1105 47.92
3856 1433 47.92
3857 -4591 47.92
3858 -5551 47.92
3859 -2247 47.92
3860 -2591 47.92
3861 -2159 47.92
3862 -2151 47.92
3863 -4415 47.92
3864 -5063 47.92
3865 -1911 47.92
3866 -1719 47.92
3867 -4351 47.92
3868 -7375 47.92
3869 -7375 47.92
3870 -4239 47.92
3871 -1935 47.92
3872 -2151 47.92
3873 -4487 47.92
3874 -6279 47.92
3875 -5159 47.92
3876 -2679 47.92
3877 -4751 47.92
3878 -6055 47.92
3879 -3783 47.92
3880 -2551 47.92
3881 -3615 47.92
3882 -4175 47.92
3883 -4743 47.92
3884 -4751 47.92
3885 -4327 47.92
3886 -4247 47.92
3887 -4023 47.92
3888 -3247 47.92
3889 -2719 47.92
3890 -4703 47.92
3891 -8423 47.92
3892 -9767 47.92
3893 -7047 47.92
3894 -4591 47.92
3895 -4615 47.92
3896 -5695 47.92
3897 -5119 47.92
3898 -4671 47.92
3899 -5495 47.92
3900 -4759 47.92
3901 -3015 47.92
3902 -2247 47.92
3903 -1799 47.92
3904 -1095 47.92
3905 -623 47.92
3906 681 47.92
3907 1513 47.92
3908 1169 47.92
3909 1793 47.92
3910 2817 47.92
3911 2353 47.92
3912 1433 47.92
3913 1409 47.92
3914 2889 47.92
3915 4049 47.92
3916 3001 47.92
3917 2177 47.92
3918 3553 47.92
3919 4713 47.92
3920 3585 47.92
3921 1073 47.92
3922 385 47.92
3923 1777 47.92
3924 1953 47.92
3925 409 47.92
3926 -791 47.92
3927 -487 47.92
3928 489 47.92
3929 593 47.92
3930 -703 47.92
3931 -1015 47.92
3932 329 47.92
3933 945 47.92
3934 377 47.92
3935 145 47.92
3936 609 47.92
3937 745 47.92
3938 105 47.92
3939 -735 47.92
3940 -751 47.92
3941 9 47.92
3942 857 47.92
3943 1017 47.92
3944 393 47.92
3945 105 47.92
3946 41 47.92
3947 105 47.92
3948 233 47.92
3949 529 47.92
3950 657 47.92
3951 953 47.92
3952 961 47.92
3953 617 47.92
3954 17 47.92
3955 -855 47.92
3956 -679 47.92
3957 -143 47.92
3958 -975 47.92
3959 -2663 47.92
3960 -3751 47.92
3961 -3975 47.92
3962 -3943 47.92
3963 -3927 47.92
3964 -4415 47.92
3965 -4727 47.92
3966 -4823 47.92
3967 -5335 47.92
3968 -5719 47.92
3969 -6063 47.92
3970 -6063 47.92
3971 -5815 47.92
3972 -5823 47.92
3973 -5831 47.92
3974 -5479 47.92
3975 -5551 47.92
3976 -6063 47.92
3977 -6079 47.92
3978 -5487 47.92
3979 -4871 47.92
3980 -4791 47.92
3981 -4903 47.92
3982 -4567 47.92
3983 -3631 47.92
3984 -2463 47.92
3985 -1711 47.92
3986 -1719 47.92
3987 -1751 47.92
3988 -1183 47.92
3989 -247 47.92
3990 129 47.92
3991 201 47.92
3992 41 47.92
3993 -159 47.92
3994 -207 47.92
3995 -15 47.92
3996 209 47.92
3997 417 47.92
3998 545 47.92
3999 593 47.92
4000 473 47.92
4001 617 47.92
4002 1025 47.92
4003 1089 47.92
4004 961 47.92
4005 1433 47.92
4006 2033 47.92
4007 2169 47.92
4008 1969 47.92
4009 2425 47.92
4010 3265 47.92
4011 3905 47.92
4012 3785 47.92
4013 3433 47.92
4014 3393 47.92
4015 4009 47.92
4016 4561 47.92
4017 4817 47.92
4018 5121 47.92
4019 5529 47.92
4020 5441 47.92
4021 4889 47.92
4022 4377 47.92
4023 4281 47.92
4024 4425 47.92
4025 4265 47.92
4026 3761 47.92
4027 3153 47.92
4028 2513 47.92
4029 1905 47.92
4030 1185 47.92
4031 249 47.92
4032 -599 47.92
4033 -1319 47.92
4034 -2167 47.92
4035 -2807 47.92
4036 -3263 47.92
4037 -3527 47.92
4038 -4223 47.92
4039 -5159 47.92
4040 -5607 47.92
4041 -5567 47.92
4042 -5535 47.92
4043 -5623 47.92
4044 -5855 47.92
4045 -6047 47.92
4046 -6183 47.92
4047 -6247 47.92
4048 -6391 47.92
4049 -6287 47.92
4050 -5911 47.92
4051 -5535 47.92
4052 -5319 47.92
4053 -5039 47.92
4054 -4719 47.92
4055 -4663 47.92
4056 -4615 47.92
4057 -4391 47.92
4058 -4095 47.92
4059 -4071 47.92
4060 -4143 47.92
4061 -3967 47.92
4062 -3495 47.92
4063 -3071 47.92
4064 -2935 47.92
4065 -3167 47.92
4066 -3455 47.92
4067 -3271 47.92
4068 -2759 47.92
4069 -2511 47.92
4070 -2311 47.92
4071 -1927 47.92
4072 -1479 47.92
4073 -1087 47.92
4074 -615 47.92
4075 -127 47.92
4076 393 47.92
4077 825 47.92
4078 1177 47.92
4079 1657 47.92
4080 2305 47.92
4081 3033 47.92
4082 3673 47.92
4083 3977 47.92
4084 4137 47.92
4085 4401 47.92
4086 4817 47.92
4087 5249 47.92
4088 5689 47.92
4089 5873 47.92
4090 5721 47.92
4091 5529 47.92
4092 5401 47.92
4093 5265 47.92
4094 5001 47.92
4095 4833 47.92
4096 4769 47.92
4097 4369 47.92
4098 3761 47.92
4099 3409 47.92
4100 3305 47.92
4101 2889 47.92
4102 2161 47.92
4103 1585 47.92
4104 1201 47.92
4105 897 47.92
4106 537 47.92
4107 201 47.92
4108 49 47.92
4109 -199 47.92
4110 -775 47.92
4111 -1399 47.92
4112 -1663 47.92
4113 -1535 47.92
4114 -1543 47.92
4115 -1743 47.92
4116 -2039 47.92
4117 -2199 47.92
4118 -2247 47.92
4119 -2239 47.92
4120 -2383 47.92
4121 -2367 47.92
4122 -2399 47.92
4123 -2743 47.92
4124 -3007 47.92
4125 -2959 47.92
4126 -2991 47.92
4127 -3111 47.92
4128 -3135 47.92
4129 -3351 47.92
4130 -3703 47.92
4131 -3895 47.92
4132 -4095 47.92
4133 -3975 47.92
4134 -3663 47.92
4135 -3791 47.92
4136 -4255 47.92
4137 -4327 47.92
4138 -4047 47.92
4139 -3943 47.92
4140 -4079 47.92
4141 -4127 47.92
4142 -3999 47.92
4143 -3839 47.92
4144 -3735 47.92
4145 -3575 47.92
4146 -3271 47.92
4147 -2815 47.92
4148 -2671 47.92
4149 -2663 47.92
4150 -2247 47.92
4151 -1623 47.92
4152 -1343 47.92
4153 -1015 47.92
4154 -327 47.92
4155 329 47.92
4156 801 47.92
4157 969 47.92
4158 1113 47.92
4159 1905 47.92
4160 2673 47.92
4161 2569 47.92
4162 2417 47.92
4163 2873 47.92
4164 3353 47.92
4165 3441 47.92
4166 3633 47.92
4167 3873 47.92
4168 4025 47.92
4169 3961 47.92
4170 3913 47.92
4171 4129 47.92
4172 4457 47.92
4173 4537 47.92
4174 4329 47.92
4175 3969 47.92
4176 3681 47.92
4177 3425 47.92
4178 3313 47.92
4179 3289 47.92
4180 3289 47.92
4181 2913 47.92
4182 2465 47.92
4183 2145 47.92
4184 2033 47.92
4185 1977 47.92
4186 1881 47.92
4187 1729 47.92
4188 1401 47.92
4189 1001 47.92
4190 657 47.92
4191 481 47.92
4192 513 47.92
4193 281 47.92
4194 -127 47.92
4195 -599 47.92
4196 -991 47.92
4197 -1343 47.92
4198 -1647 47.92
4199 -1943 47.92
4200 -2111 47.92
4201 -2359 47.92
4202 -2823 47.92
4203 -3183 47.92
4204 -3423 47.92
4205 -3639 47.92
4206 -3751 47.92
4207 -3959 47.92
4208 -4279 47.92
4209 -4583 47.92
4210 -4599 47.92
4211 -4511 47.92
4212 -4391 47.92
4213 -4375 47.92
4214 -4407 47.92
4215 -4455 47.92
4216 -4383 47.92
4217 -4063 47.92
4218 -3655 47.92
4219 -3383 47.92
4220 -3023 47.92
4221 -2591 47.92
4222 -2311 47.92
4223 -1999 47.92
4224 -1527 47.92
4225 -959 47.92
4226 -495 47.92
4227 -63 47.92
4228 233 47.92
4229 513 47.92
4230 825 47.92
4231 1193 47.92
4232 1625 47.92
4233 1897 47.92
4234 1977 47.92
4235 2017 47.92
4236 2089 47.92
4237 2217 47.92
4238 2409 47.92
4239 2553 47.92
4240 2649 47.92
4241 2657 47.92
4242 2633 47.92
4243 2625 47.92
4244 2713 47.92
4245 2841 47.92
4246 2841 47.92
4247 2673 47.92
4248 2585 47.92
4249 2641 47.92
4250 2721 47.92
4251 2817 47.92
4252 2833 47.92
4253 2761 47.92
4254 2553 47.92
4255 2497 47.92
4256 2513 47.92
4257 2497 47.92
4258 2497 47.92
4259 2425 47.92
4260 2265 47.92
4261 2017 47.92
4262 1833 47.92
4263 1793 47.92
4264 1849 47.92
4265 1713 47.92
4266 1449 47.92
4267 1185 47.92
4268 929 47.92
4269 665 47.92
4270 393 47.92
4271 153 47.92
4272 -7 47.92
4273 -191 47.92
4274 -471 47.92
4275 -759 47.92
4276 -943 47.92
4277 -1079 47.92
4278 -1191 47.92
4279 -1359 47.92
4280 -1567 47.92
4281 -1679 47.92
4282 -1631 47.92
4283 -1511 47.92
4284 -1431 47.92
4285 -1399 47.92
